nan nan 1.25467 nan nan nan
nan nan 5.25316 nan nan nan
nan nan 2.52736 nan nan nan
nan nan 1.20736 nan nan nan
nan nan 2.26181 nan nan nan
nan nan 4.34971 nan nan nan
nan nan 4.44668 nan nan nan
nan nan 0.725966 nan nan nan
nan nan 5.09838 nan nan nan
nan nan 1.49732 nan nan nan
nan nan 1.87258 nan nan nan
nan nan 0.147643 nan nan nan
nan nan 5.94998 nan nan nan
nan nan 1.36192 nan nan nan
nan nan 1.94664 nan nan nan
nan nan 3.45118 nan nan nan
nan nan 3.8353 nan nan nan
nan nan 4.01899 nan nan nan
nan nan 1.80732 nan nan nan
nan nan 2.59466 nan nan nan
nan nan 4.38345 nan nan nan
nan nan 3.53693 nan nan nan
nan nan 3.03639 nan nan nan
nan nan 4.40691 nan nan nan
nan nan 0.326512 nan nan nan
nan nan 0.539235 nan nan nan
nan nan 4.43312 nan nan nan
nan nan 1.01993 nan nan nan
nan nan 5.72826 nan nan nan
nan nan 0.0931341 nan nan nan
nan nan 4.07241 nan nan nan
nan nan 4.8796 nan nan nan
nan nan 1.03529 nan nan nan
nan nan 0.369933 nan nan nan
nan nan 5.04173 nan nan nan
nan nan 0.664347 nan nan nan
nan nan 2.94228 nan nan nan
nan nan 0.0400086 nan nan nan
nan nan 3.94771 nan nan nan
nan nan 0.670272 nan nan nan
nan nan 4.52281 nan nan nan
nan nan 5.45425 nan nan nan
nan nan 3.86729 nan nan nan
nan nan 6.07825 nan nan nan
nan nan 3.11147 nan nan nan
nan nan 4.72531 nan nan nan
nan nan 3.24554 nan nan nan
nan nan 1.70873 nan nan nan
nan nan 0.667548 nan nan nan
nan nan 3.91179 nan nan nan
nan nan 2.0585 nan nan nan
nan nan 4.96245 nan nan nan
nan nan 3.65471 nan nan nan
nan nan 0.0815237 nan nan nan
nan nan 4.43286 nan nan nan
nan nan 4.44512 nan nan nan
nan nan 5.23319 nan nan nan
nan nan 4.15532 nan nan nan
nan nan 3.4395 nan nan nan
nan nan 5.06894 nan nan nan
nan nan 0.271047 nan nan nan
nan nan 5.95021 nan nan nan
nan nan 4.08462 nan nan nan
nan nan 5.33453 nan nan nan
nan nan 5.01007 nan nan nan
nan nan 5.64012 nan nan nan
nan nan 2.79328 nan nan nan
nan nan 4.09681 nan nan nan
nan nan 1.10069 nan nan nan
nan nan 0.124315 nan nan nan
nan nan 0.00208497 nan nan nan
nan nan 3.7271 nan nan nan
nan nan 1.86892 nan nan nan
nan nan 1.91896 nan nan nan
nan nan 5.98933 nan nan nan
nan nan 5.5327 nan nan nan
nan nan 1.86796 nan nan nan
nan nan 1.57325 nan nan nan
nan nan 5.52802 nan nan nan
nan nan 3.27598 nan nan nan
nan nan 2.62918 nan nan nan
nan nan 0.0105955 nan nan nan
nan nan 0.327732 nan nan nan
nan nan 2.15528 nan nan nan
nan nan 3.93733 nan nan nan
nan nan 5.17538 nan nan nan
nan nan 5.77106 nan nan nan
nan nan 3.14426 nan nan nan
nan nan 1.08736 nan nan nan
nan nan 4.67724 nan nan nan
nan nan 5.57857 nan nan nan
nan nan 3.81798 nan nan nan
nan nan 5.90878 nan nan nan
nan nan 2.96958 nan nan nan
nan nan 4.42781 nan nan nan
nan nan 1.17842 nan nan nan
nan nan 2.29873 nan nan nan
nan nan 5.40694 nan nan nan
nan nan 1.00751 nan nan nan
nan nan 3.625 nan nan nan
nan nan 6.22032 nan nan nan
nan nan 4.60125 nan nan nan
nan nan 1.46826 nan nan nan
nan nan 4.39028 nan nan nan
nan nan 1.48192 nan nan nan
nan nan 2.59881 nan nan nan
nan nan 2.21289 nan nan nan
nan nan 3.67994 nan nan nan
nan nan 4.63117 nan nan nan
nan nan 3.40703 nan nan nan
nan nan 4.30677 nan nan nan
nan nan 4.64386 nan nan nan
nan nan 0.88816 nan nan nan
nan nan 0.305429 nan nan nan
nan nan 1.74711 nan nan nan
nan nan 0.864177 nan nan nan
nan nan 3.12985 nan nan nan
nan nan 4.83093 nan nan nan
nan nan 5.99026 nan nan nan
nan nan 5.13657 nan nan nan
nan nan 1.73415 nan nan nan
nan nan 1.63663 nan nan nan
nan nan 3.28797 nan nan nan
nan nan 5.81087 nan nan nan
nan nan 1.60851 nan nan nan
nan nan 1.41211 nan nan nan
nan nan 5.67555 nan nan nan
nan nan 2.02482 nan nan nan
nan nan 2.56032 nan nan nan
nan nan 3.42344 nan nan nan
nan nan 3.04462 nan nan nan
nan nan 0.32563 nan nan nan
nan nan 2.50765 nan nan nan
nan nan 2.4032 nan nan nan
nan nan 2.72164 nan nan nan
nan nan 3.19918 nan nan nan
nan nan 1.01489 nan nan nan
nan nan 2.56574 nan nan nan
nan nan 5.27556 nan nan nan
nan nan 2.18186 nan nan nan
nan nan 6.06986 nan nan nan
nan nan 1.45756 nan nan nan
nan nan 0.405465 nan nan nan
nan nan 5.3406 nan nan nan
nan nan 3.72452 nan nan nan
nan nan 3.01994 nan nan nan
nan nan 4.34904 nan nan nan
nan nan 4.89183 nan nan nan
nan nan 4.4537 nan nan nan
nan nan 2.81952 nan nan nan
nan nan 2.75978 nan nan nan
nan nan 2.11357 nan nan nan
nan nan 2.53881 nan nan nan
nan nan 0.765944 nan nan nan
nan nan 2.57835 nan nan nan
nan nan 6.27784 nan nan nan
nan nan 1.05994 nan nan nan
nan nan 6.21501 nan nan nan
nan nan 2.60221 nan nan nan
2.99011 0.866834 3.42598 0.120434 1.27966e-05 0.120308
3.34229 0.306812 4.45809 0.116971 -4.88242e-05 0.116981
3.57936 0.183951 2.33852 0.117621 1.61562e-05 0.117592
3.69917 0.717164 4.14657 0.151251 -0.000104085 0.151108
5.07677 1.07446 2.26974 0.166554 0.000161426 0.166182
4.94112 0.206891 2.87687 0.164458 -0.000177836 0.164511
5.25318 0.914186 4.10167 0.0233649 9.89813e-07 0.0233651
5.97965 0.326784 4.21968 0.143486 -1.29173e-05 0.143251
6.03698 0.212159 1.55375 0.0668378 -6.76341e-07 0.0668177
6.96334 0.567526 0.708467 0.13946 -5.82283e-05 0.139228
7.01074 0.758259 5.5413 0.105689 -5.17522e-05 0.105615
8.0108 1.13462 1.86205 0.0235639 -1.04082e-07 0.0235612
7.97579 1.02639 1.41605 0.101697 -1.34445e-05 0.101588
7.39914 1.08814 2.57639 0.109872 -2.90078e-05 0.109826
7.79513 0.481622 2.71619 0.14057 7.3295e-05 0.140224
7.83209 0.205803 1.30084 0.0242116 1.13685e-06 0.0242087
7.92288 0.0496932 0.700153 0.141817 5.61048e-05 0.141547
8.67334 1.054 6.19337 0.13202 3.70182e-05 0.132203
9.09073 0.75746 0.434768 0.13567 2.93748e-05 0.135603
9.12617 1.10863 3.35198 0.109462 3.05113e-05 0.109383
9.7934 0.902289 1.64454 0.172893 -6.29306e-05 0.173221
3.0159 1.34233 0.817256 0.141185 -8.9402e-05 0.14104
3.3493 2.01102 1.98379 0.119163 3.64256e-05 0.119165
2.81572 2.10974 2.91402 0.152747 0.000232368 0.152749
3.34093 1.49901 2.43409 0.110097 -9.28443e-05 0.110121
3.5665 1.73193 3.26434 0.0551659 2.18098e-07 0.0551833
3.71183 1.70598 5.05604 0.0382954 -2.17066e-07 0.0383077
3.83513 2.37846 0.841187 0.0459554 -1.61372e-06 0.0459514
4.17051 1.79365 2.21735 0.193381 0.000114162 0.193756
4.89851 1.71297 6.12669 0.0609047 5.84111e-06 0.0608801
4.92695 1.43641 0.197367 0.0934937 4.78876e-05 0.0933305
4.91626 1.65895 3.61782 0.0570414 4.68718e-06 0.0570141
5.95116 1.60458 5.70107 0.166315 8.96148e-05 0.166204
5.40434 2.37288 1.01165 0.126895 4.05018e-05 0.127046
6.04127 1.23183 3.08248 0.12252 2.21293e-05 0.122371
6.70912 1.64277 1.22025 0.163304 -3.76038e-05 0.163666
7.38667 1.26036 5.38821 0.117443 -5.71594e-06 0.117366
7.70812 1.65675 5.16874 0.0431111 5.30146e-06 0.0431107
7.46869 1.94299 1.77101 0.149902 3.61677e-06 0.149858
8.09664 1.81994 4.83778 0.110094 5.03729e-05 0.110184
7.96037 1.38219 2.77281 0.111575 -4.76243e-05 0.111447
8.34226 1.76954 4.46684 0.107991 9.67287e-06 0.108002
8.35536 1.56201 3.051 0.0849223 2.23896e-05 0.084885
8.96135 1.46896 1.56462 0.0793396 -4.6719e-06 0.0793143
9.4972 2.0541 0.0887199 0.163089 -0.000137068 0.163073
9.0321 1.50079 5.99868 0.0791099 -7.92246e-06 0.0790825
10.5026 1.51074 0.621232 0.178393 8.48446e-05 0.178102
10.0484 2.32249 0.26494 0.122977 0.000104467 0.123042
10.2814 2.05178 4.11086 0.142644 0.000221076 0.142524
0.258851 3.46979 2.8966 0.0993851 6.47495e-08 0.09938
0.708602 2.88124 6.01382 0.125175 -0.000104252 0.125111
0.416751 2.50233 6.12962 0.17735 -0.000192509 0.177197
0.309073 3.2948 6.26914 0.0828208 7.52705e-06 0.0827831
1.09756 3.55704 3.0359 0.137071 8.18809e-05 0.136935
1.30909 3.21541 5.95998 0.122303 6.70384e-05 0.122232
2.34655 3.50535 1.76529 0.102595 4.37169e-05 0.102516
2.36355 3.57796 4.49286 0.0268773 2.09159e-07 0.0268736
2.51847 3.28192 5.44873 0.023105 8.02203e-07 0.0231065
2.56097 2.45385 0.246709 0.111476 6.65711e-05 0.111364
2.5617 2.6102 1.32753 0.0807467 9.84705e-06 0.0806906
2.72207 3.25056 3.59352 0.122735 7.56065e-06 0.122871
3.32717 3.33908 2.75853 0.132379 0.000134213 0.132513
3.48637 2.52811 2.17467 0.0974384 -1.05448e-05 0.0974965
4.45548 3.03723 1.33473 0.138183 0.000131137 0.138523
4.35494 3.19669 0.524172 0.0246519 8.63443e-07 0.0246518
3.9112 2.51318 5.79478 0.130883 -3.09699e-05 0.130777
3.92911 3.12728 4.58879 0.148625 7.21337e-05 0.148836
5.0636 2.4316 1.72682 0.0768707 2.24538e-05 0.0768856
5.20415 2.78425 0.79414 0.0336517 1.31093e-06 0.0336555
4.89115 2.84962 2.7645 0.151954 0.000168708 0.152115
5.38974 3.46774 4.55795 0.175327 6.89545e-05 0.175284
6.09582 2.76652 2.48052 0.185304 -0.000134888 0.185266
6.47259 3.4877 5.85277 0.133808 -6.76503e-05 0.133832
6.60832 3.43803 1.51553 0.107068 -2.44994e-05 0.107083
7.73777 2.57169 3.26058 0.140718 -9.26195e-05 0.140764
8.3196 2.77686 5.68652 0.146549 -6.48095e-05 0.146978
9.5554 2.71048 4.51334 0.157813 7.7295e-05 0.157547
8.70898 2.78542 4.53668 0.151345 -1.92563e-05 0.151745
9.36039 3.42727 4.9673 0.140556 0.000116947 0.140618
9.98307 3.34085 6.20554 0.12322 -0.000108877 0.123193
10.2128 3.57891 1.34748 0.0936785 -2.35748e-06 0.0936753
10.6093 3.54681 6.12344 0.103116 7.46367e-06 0.103306
11.1241 3.1988 0.223073 0.157877 5.78762e-05 0.15788
11.6795 3.25714 3.16883 0.138632 -1.95992e-05 0.138811
0.635341 3.63543 5.34354 0.113628 -3.50144e-05 0.113769
0.447962 4.29482 2.19151 0.156401 -3.97959e-05 0.156541
2.34046 3.76245 5.26823 0.125608 4.764e-05 0.125411
1.20474 4.12187 3.65066 0.162915 -6.56731e-05 0.162672
3.09306 3.62825 5.84909 0.141684 4.36206e-05 0.141704
2.78227 4.77057 3.01585 0.146902 -4.92482e-05 0.147243
3.54504 4.62084 2.83231 0.0876715 -1.50354e-06 0.0876783
4.83201 4.01812 5.90431 0.169711 5.77093e-05 0.169485
5.1138 4.67414 2.15188 0.142251 3.73851e-05 0.142165
7.065 3.85696 1.74277 0.099473 2.19729e-05 0.0995844
6.02287 4.71183 2.5205 0.164457 0.000129103 0.164484
6.48377 4.42436 1.76325 0.104838 8.53476e-05 0.104934
6.89423 3.87462 4.0185 0.108187 -9.13158e-06 0.108212
6.73773 4.29886 5.13139 0.103141 7.20355e-05 0.103148
7.62174 3.68763 0.858421 0.157788 5.42398e-05 0.157935
7.56251 4.56017 0.503769 0.106289 3.57748e-05 0.106398
7.85558 4.58152 0.384647 0.112503 -8.64849e-06 0.112664
8.27645 4.62898 3.42585 0.125397 -4.13054e-05 0.125688
8.7651 3.79309 0.514472 0.152296 -4.32042e-05 0.152486
8.74636 4.79754 0.464248 0.14469 8.67612e-06 0.144874
8.98512 3.74543 3.5344 0.0631025 7.83048e-06 0.063112
9.07791 4.12352 4.92583 0.124395 -0.000145844 0.124149
9.15771 4.47641 3.06544 0.0803563 -1.65717e-05 0.0803563
9.55255 4.63189 3.36328 0.156188 -2.67654e-05 0.156334
9.94988 4.18137 4.42934 0.115269 9.94441e-05 0.115145
10.0701 3.88521 3.84873 0.129817 0.000130398 0.129485
10.7987 4.65245 5.26153 0.148058 9.86275e-05 0.147936
11.4577 3.77211 1.25278 0.0901434 -1.36804e-05 0.090218
10.9775 3.67526 5.62882 0.118406 -6.40595e-05 0.11843
11.9146 3.97117 4.34247 0.14724 -5.48532e-05 0.147552
11.7304 4.00708 4.89503 0.0259843 8.23219e-07 0.0259873
11.1393 4.0403 5.47271 0.078296 2.3875e-05 0.0782274
11.3801 4.45559 1.50749 0.111224 -1.54246e-05 0.111207
11.3192 3.7807 3.71647 0.0704062 1.33939e-07 0.0704444
11.6256 4.06069 3.66768 0.0310548 1.6025e-06 0.0310587
11.0067 4.27033 4.87395 0.103242 5.04694e-05 0.103156
0.890136 5.98331 2.78161 0.159031 -0.000114243 0.15889
2.3228 4.82291 1.0797 0.164511 0.000129525 0.164913
1.22532 5.10897 6.12972 0.0730504 3.30175e-06 0.0730388
1.28326 4.86312 0.702251 0.124426 -4.75976e-05 0.124219
1.66084 5.18003 5.81568 0.131759 -0.000160424 0.131837
1.25397 5.13126 1.19377 0.0250375 -4.65943e-08 0.0250363
1.88434 5.56095 2.9304 0.15076 -0.000174747 0.150575
2.40024 5.9512 5.24765 0.151476 -4.90201e-05 0.15176
3.06 5.41778 1.55772 0.115475 8.74441e-05 0.115346
2.92351 5.89405 0.978975 0.139255 -3.05682e-06 0.139262
3.37654 5.09182 3.97971 0.143087 0.000102329 0.143183
4.0385 4.80848 0.821944 0.160672 -5.59986e-06 0.160913
4.69289 4.8215 0.413645 0.127102 -2.32665e-06 0.127228
3.90845 5.44127 1.03253 0.115748 -4.27995e-05 0.115807
4.37969 5.56525 4.00948 0.137167 -2.7808e-05 0.137405
4.73358 5.79133 2.88913 0.0262185 -7.30619e-07 0.0262218
4.83552 5.82319 5.55746 0.0370732 -1.1483e-06 0.0370793
4.8806 5.30198 1.24204 0.128542 4.59412e-05 0.128331
4.9729 5.72062 0.841674 0.0888848 -2.13208e-05 0.0888286
5.53169 5.2431 0.494754 0.127115 -6.85677e-05 0.127103
5.03932 5.02972 3.16427 0.0542437 5.55726e-06 0.0542257
5.44242 5.6626 1.17734 0.0625912 7.92251e-06 0.0625673
5.49034 5.82075 2.24761 0.0897127 5.32528e-05 0.0896563
5.69819 5.56189 1.12728 0.0737379 2.35263e-05 0.0737564
5.03451 5.982 5.48003 0.102678 -6.32392e-05 0.102711
6.04479 5.4321 6.23242 0.0347686 -8.79431e-08 0.0347694
7.15751 4.81287 0.441237 0.110114 3.4017e-05 0.11018
6.58787 5.16846 4.5969 0.122769 -7.60668e-05 0.122918
6.003 5.4255 2.53645 0.129989 3.73453e-05 0.130165
6.93506 5.37412 1.69279 0.143036 -4.28165e-05 0.143081
7.80827 5.02582 1.29053 0.10479 1.91379e-05 0.10463
7.58441 5.1455 3.74173 0.0466183 -1.47395e-06 0.0466269
7.30386 4.85656 3.94537 0.0846694 1.31803e-05 0.0847063
8.388 5.46268 0.146621 0.0978536 -2.43316e-05 0.0978842
7.93415 5.64543 2.58266 0.112828 -2.68904e-05 0.112808
7.80943 5.33588 5.15377 0.115522 -9.65025e-05 0.115329
9.21605 5.51939 0.49868 0.144144 -3.64871e-05 0.144057
9.22301 5.69178 5.39542 0.085329 -1.34103e-05 0.0852879
8.52371 5.63721 4.28585 0.127064 -6.39741e-05 0.12713
10.0291 5.13395 0.339182 0.0443578 1.81188e-06 0.0443475
10.0574 5.43253 5.44433 0.106385 1.94876e-06 0.106367
9.95686 5.27191 2.70501 0.0903406 -1.05736e-05 0.0903344
10.4308 5.25698 4.12456 0.12421 6.05474e-05 0.124521
11.449 5.33816 2.54031 0.0566952 -9.91271e-06 0.0567043
11.381 4.89188 5.00818 0.116442 -2.05761e-05 0.116283
10.9707 5.31113 4.12838 0.143737 -1.95084e-05 0.144017
11.5934 5.44454 4.0475 0.147623 -0.000140789 0.147708
0.975759 6.88185 0.732507 0.128086 4.67704e-06 0.128317
0.994326 6.23268 4.61444 0.0969232 -3.80324e-05 0.0968762
0.295125 6.56631 2.82789 0.114677 -4.25449e-05 0.114712
0.498423 7.03123 1.11179 0.130245 2.63604e-05 0.130405
1.62342 6.35177 5.12515 0.155726 2.62625e-05 0.155659
1.53841 7.05115 5.66602 0.168652 -5.87967e-05 0.168599
2.36723 6.84547 3.36757 0.129309 2.01435e-05 0.12935
3.32395 6.37489 0.9977 0.162253 -0.000114487 0.162187
2.69653 6.71104 2.25388 0.13356 0.000138537 0.133632
4.56203 6.68057 1.76829 0.132954 1.97437e-05 0.133011
3.63381 7.0689 2.30724 0.148029 7.01308e-05 0.147929
4.17594 6.92192 2.50742 0.104653 4.00047e-06 0.104711
4.33 7.01852 3.54013 0.0216652 -6.14659e-07 0.0216643
5.31098 6.05224 1.51292 0.100417 6.14388e-06 0.100433
5.0324 6.78771 6.19504 0.0887222 7.19117e-06 0.0888215
4.85455 7.08504 2.52604 0.106001 2.18297e-05 0.10603
5.23738 6.8716 2.98237 0.0633187 6.57285e-06 0.0633462
5.4766 6.6872 2.73926 0.140888 1.51383e-05 0.140873
5.70355 7.02042 4.5825 0.096206 -4.06264e-05 0.0961505
6.1236 6.23418 2.54282 0.108557 3.96918e-05 0.108686
6.32462 6.25285 4.73618 0.083271 1.14168e-05 0.0832934
6.81384 6.24229 4.00318 0.0235842 -6.2041e-07 0.0235838
6.42474 6.0358 3.45478 0.104519 5.92144e-05 0.104501
6.86267 6.49383 3.68618 0.130927 6.76406e-05 0.130975
7.12844 6.29165 1.37216 0.132749 5.76298e-05 0.132992
6.31212 7.01666 3.0921 0.134603 6.71347e-05 0.134519
7.64584 6.38427 2.26916 0.124665 -9.18541e-05 0.124909
7.91139 6.38442 0.0041519 0.0539876 -7.61358e-06 0.0540108
7.84139 6.92158 6.17782 0.135483 8.03659e-05 0.135313
8.03743 6.67701 2.58934 0.0767018 -1.9983e-06 0.0766601
8.05926 6.44277 3.03454 0.0660381 -6.09917e-06 0.0660416
8.42107 6.96797 5.99163 0.146076 7.39619e-05 0.146352
8.63595 6.49938 0.44131 0.0649999 -8.94111e-06 0.0649744
8.80119 6.51579 5.30917 0.0375678 -5.06168e-06 0.0375651
8.64397 6.2952 1.92637 0.116804 -5.41037e-05 0.116574
8.84995 6.75616 3.19368 0.116343 -3.7802e-05 0.116429
9.31557 6.77047 2.98044 0.140638 -2.13293e-06 0.140879
9.62906 6.16894 1.15091 0.155719 -5.84906e-05 0.155656
10.4121 6.3565 0.510673 0.170687 -0.000121391 0.170715
9.96867 6.82455 6.18921 0.104096 1.71256e-05 0.103999
11.9489 6.45409 3.8754 0.119417 -4.58054e-05 0.11946
10.8015 6.81921 4.41627 0.16344 -0.000240382 0.163375
11.9131 7.11118 0.759416 0.155807 7.02979e-05 0.155698
0.286484 8.31666 0.535039 0.100874 -1.89541e-05 0.100842
0.910551 8.23881 2.24219 0.156357 -4.175e-05 0.156761
0.167846 7.69361 4.98605 0.134267 -1.51371e-06 0.13423
1.64757 8.35976 2.29584 0.123125 5.83434e-05 0.123163
1.71449 7.84612 2.27217 0.135196 -2.28873e-06 0.135141
1.828 7.92672 4.0585 0.02507 -7.38408e-07 0.0250704
2.284 7.7591 1.38842 0.0946534 -1.50224e-06 0.0946532
1.24261 8.25618 3.57983 0.067332 -6.73667e-06 0.0673729
2.32025 7.84583 4.50969 0.0913568 -1.18456e-05 0.0913492
2.39044 8.37699 5.77731 0.14961 -5.12262e-05 0.149372
3.49921 7.38453 0.655556 0.135406 0.000118696 0.135267
3.08395 7.57684 2.50962 0.0725545 2.88211e-05 0.0725598
3.09394 7.86186 5.94778 0.0244654 2.36911e-07 0.0244673
2.52614 7.28851 3.87866 0.12451 -1.73851e-05 0.124229
2.85019 7.88975 3.60062 0.145812 7.83629e-05 0.146049
3.42867 8.27352 4.49246 0.117771 4.12432e-05 0.117669
3.69726 7.97854 4.73405 0.122078 2.04709e-05 0.122065
4.589 7.95948 1.96799 0.142121 7.44267e-05 0.14206
4.49537 7.82564 1.17432 0.0261834 -9.47075e-07 0.0261824
4.24088 8.16871 0.386088 0.113715 7.26452e-05 0.113685
4.35811 7.3088 2.98654 0.135958 -4.80159e-05 0.135783
5.35621 7.36301 5.96939 0.13078 5.19616e-05 0.13082
5.76476 7.24474 3.84309 0.0885027 -3.80106e-06 0.0885437
6.05332 7.2032 3.34081 0.0428427 5.05999e-07 0.0428525
6.81811 7.36515 0.692435 0.10766 1.68074e-06 0.10766
6.06242 7.36963 1.75333 0.0291287 2.90474e-07 0.0291308
6.28229 7.35637 4.72543 0.102771 -4.27826e-05 0.102709
6.6557 7.8467 1.99129 0.0960753 -4.20541e-05 0.0961787
6.41113 7.80397 4.91448 0.123613 -2.57366e-05 0.123645
6.97697 8.01379 4.68883 0.134318 -0.000122369 0.134459
7.6943 7.54544 0.163512 0.167209 9.03272e-05 0.166984
7.92933 8.31059 0.00222709 0.116495 -6.17476e-07 0.116429
8.04892 8.30597 4.76487 0.0765788 5.49177e-06 0.0765776
8.63879 7.98305 1.52758 0.131423 -0.000114738 0.131359
8.78525 8.20526 3.40456 0.0211809 4.27775e-07 0.0211807
8.95845 8.14436 1.89929 0.125145 2.35964e-05 0.125308
8.69448 8.37445 4.26639 0.103707 0.000104297 0.103607
9.97247 7.22534 6.24595 0.16258 2.60784e-06 0.162322
10.5332 8.12236 0.334767 0.164004 -1.64948e-06 0.163984
11.0418 8.35438 0.0274342 0.0926896 -2.07277e-05 0.0926904
11.1002 7.71743 0.0642148 0.141304 5.71035e-05 0.141149
11.1867 7.34353 3.27658 0.121909 -5.73757e-06 0.12176
11.549 8.0713 2.60004 0.103517 -1.09881e-05 0.103484
11.7283 7.74575 0.0505313 0.102154 4.11235e-05 0.10216
11.8138 8.25593 4.63336 0.114089 -6.28807e-05 0.114192
0.317926 8.62519 4.31703 0.154573 -1.65988e-05 0.154472
1.12435 9.05484 1.31156 0.0266913 6.8039e-07 0.02669
1.18093 8.92614 2.99959 0.151352 3.5402e-05 0.151104
1.61587 8.41105 0.858984 0.0221616 1.81982e-07 0.0221614
1.29294 8.59194 3.81563 0.0755668 1.27542e-05 0.075524
1.93366 9.21161 4.26241 0.149065 -2.31826e-05 0.1491
2.67253 8.91318 5.38082 0.132948 3.76939e-05 0.133016
3.03491 8.85166 1.8186 0.117667 4.95464e-05 0.11796
3.44209 8.79791 5.39009 0.119409 3.43403e-05 0.119616
2.45443 9.49799 3.02642 0.145789 -2.98057e-05 0.145848
3.7201 8.60711 4.97942 0.0266729 9.36764e-07 0.026671
4.34896 8.63731 1.73248 0.142666 -0.000171891 0.142539
4.06581 8.40423 5.79655 0.0731675 -1.82922e-06 0.0731654
3.68735 8.80149 1.35169 0.0938112 4.15438e-06 0.09387
4.6579 9.06461 2.16562 0.0997759 -4.70346e-05 0.0997816
5.03228 8.73792 5.73988 0.129277 6.21833e-06 0.129252
5.45692 9.2591 2.19486 0.15137 -2.22822e-05 0.1513
4.92751 9.26982 4.71281 0.106301 -4.57729e-05 0.10627
6.2394 9.46752 5.97856 0.132047 2.58588e-05 0.132185
6.36481 8.87586 5.23752 0.120104 -8.88612e-05 0.119911
6.58557 9.33246 6.07717 0.0347511 1.13561e-07 0.0347523
6.10159 8.42517 4.06464 0.160984 -4.07442e-05 0.160776
6.55807 9.29054 1.68884 0.0969799 -1.59475e-05 0.0969509
6.89914 9.55899 6.17475 0.0938574 -2.03686e-05 0.0938465
6.60269 9.55164 3.71592 0.0422912 -4.48377e-06 0.0422897
7.22925 9.03277 0.507022 0.138561 1.87507e-05 0.138384
7.34824 8.61319 0.98149 0.135287 2.32556e-05 0.135193
7.6739 9.37422 2.10246 0.133891 -2.64563e-05 0.134042
7.91969 8.73531 5.07888 0.120645 1.0225e-05 0.120641
8.22753 9.46219 3.33654 0.148957 1.30414e-05 0.148801
8.32459 8.77497 1.78731 0.108476 3.77224e-05 0.108512
8.48202 8.5739 1.04779 0.0651012 3.08682e-05 0.0650968
9.28417 9.08352 4.27663 0.179161 2.28775e-05 0.179394
10.0527 8.91909 0.587405 0.167409 6.81279e-05 0.167798
10.429 9.31154 3.2614 0.0669176 -1.49792e-05 0.0669102
10.5751 8.7913 1.79068 0.116516 4.79994e-05 0.116628
10.8842 9.29562 0.758355 0.129857 -4.05096e-05 0.129898
11.3789 8.5455 0.809531 0.122806 2.74796e-05 0.122914
10.8974 8.76119 5.6482 0.0236601 7.56022e-07 0.02366
11.6087 9.275 1.66419 0.156625 0.000166972 0.156604
10.9509 8.65241 3.78153 0.0977386 5.99025e-05 0.0977521
0.343653 10.1032 2.59337 0.196119 -7.35863e-35 0.196119
1.68196 9.88334 5.508 0.186012 0.00017268 0.185859
3.04756 10.0477 2.42712 0.155372 -9.54621e-05 0.155025
3.14439 10.367 4.68225 0.12397 2.24452e-05 0.12375
4.82014 9.77701 0.524713 0.141391 4.17563e-05 0.141432
5.19227 10.6191 6.10501 0.133929 6.85337e-06 0.133848
5.25578 10.0937 0.491328 0.100391 1.27167e-05 0.10041
5.17654 9.6026 4.8805 0.0739993 1.18725e-05 0.0740297
5.55825 9.71283 3.28856 0.121307 8.1269e-06 0.121118
5.52924 10.0631 5.20821 0.111789 2.97424e-05 0.111729
5.54192 10.7909 4.95642 0.135561 -0.000130385 0.135802
6.35 9.74867 1.31407 0.0413866 -4.61842e-06 0.041383
7.17879 9.81044 0.838252 0.0232255 1.46558e-06 0.0232273
6.96403 10.6152 0.950756 0.0924299 4.10163e-05 0.0924295
6.69868 9.90621 4.98894 0.120752 -1.12363e-05 0.120813
7.15411 10.4275 6.06565 0.130189 5.87445e-05 0.1302
7.03011 9.87496 2.53679 0.106382 2.40263e-05 0.106448
7.34747 9.67924 1.00857 0.102715 8.86301e-05 0.102789
8.16602 9.89655 0.877426 0.111639 5.51914e-05 0.111447
7.87139 10.1079 0.6013 0.102169 5.3515e-05 0.102191
8.22136 10.3742 0.135464 0.128783 -0.00016163 0.128774
7.66771 10.3566 3.34443 0.101186 5.39442e-05 0.101267
8.85605 10.6583 1.34765 0.13144 4.03726e-05 0.131752
9.26612 10.5442 3.11952 0.127593 2.31222e-05 0.12783
8.59662 10.7141 5.49884 0.117681 -1.6279e-05 0.117848
9.99224 9.73713 0.948265 0.114044 0.00010187 0.1141
9.87946 9.8394 6.25778 0.0237887 1.87196e-06 0.0237885
9.72041 9.92676 1.62904 0.028332 9.19779e-07 0.0283306
9.84672 10.7014 2.77196 0.107815 5.30846e-06 0.107887
9.71249 10.0447 3.88703 0.129153 0.000142138 0.129038
10.5738 9.71981 3.4748 0.144162 5.98629e-05 0.144243
11.2377 9.64932 0.553603 0.0350804 -9.03358e-09 0.0350808
11.2852 9.68148 4.14767 0.149751 3.58473e-05 0.149826
2.86309 10.8037 0.899542 0.15302 0.00012541 0.152768
3.07864 11.9822 3.37211 0.0935277 -4.67271e-05 0.093489
2.42125 11.9659 2.38212 0.179725 9.74926e-05 0.180055
3.05593 11.6275 3.28081 0.143344 2.1829e-05 0.143221
4.53722 11.94 6.04147 0.130585 -0.000119591 0.130557
4.49642 11.7386 4.20794 0.0632636 -7.62595e-06 0.0632379
3.81647 11.4937 5.13178 0.147382 8.91856e-05 0.147353
4.19799 10.8369 4.11422 0.179416 4.73678e-07 0.179462
4.89126 11.1684 4.66316 0.155945 7.94679e-05 0.155974
5.79442 11.7688 0.619592 0.149438 -2.58599e-05 0.149306
5.99185 11.1401 4.74881 0.10126 2.50375e-05 0.101272
6.1995 10.9823 1.41454 0.145987 7.67413e-06 0.146076
6.39376 11.6853 6.0508 0.119776 6.17147e-05 0.119895
6.66473 11.4063 0.738189 0.123953 -3.58292e-05 0.123926
6.99894 11.857 0.49185 0.161256 -0.000154047 0.161223
8.01832 11.1457 6.20528 0.135389 6.35874e-05 0.135275
7.70926 11.5706 2.32267 0.0994766 1.04891e-05 0.0994258
7.98237 11.0288 4.17812 0.0694665 -3.4568e-06 0.0694516
8.77218 11.9017 4.97351 0.167995 0.000151549 0.167885
9.11193 11.3626 6.13469 0.165845 0.000117519 0.165622
10.4087 10.8335 0.949507 0.128816 8.53945e-05 0.128793
10.2693 11.057 0.0264384 0.0495866 1.33232e-05 0.0495736
9.65147 10.815 3.04089 0.100695 -4.40355e-06 0.10075
10.0387 11.4213 3.3979 0.177469 9.27098e-05 0.177254
