0.757932 0.344416 0.542852 0.937411 0.141392 -0.318229
0.261923 0.563307 0.306062 0.912488 0.0466512 0.406436
0.961888 0.747114 0.684729 0.967278 -0.123958 -0.221376
0.27668 0.234844 0.659081 0.95798 -0.026278 0.285629
0.896134 0.785212 0.241712 0.89208 -0.425656 -0.151691
0.237393 1.09521 0.487232 0.577944 0.336954 0.743265
1.17216 0.243917 0.752023 0.959653 0.100824 -0.262488
0.792593 0.493888 0.993803 0.866799 -0.479447 -0.137076
1.16837 0.448114 0.402739 0.979061 -0.195594 0.0564058
0.440589 0.830206 0.926255 0.913393 -0.309019 0.26499
0.156984 1.12029 1.13296 0.778137 -0.430565 0.457294
0.394447 0.360133 1.0896 0.897579 -0.228406 -0.377071
0.685256 0.123519 0.212443 0.814829 0.560741 0.147047
0.917023 4.79775 0.981639 0.85932 0.475892 -0.187337
0.986276 1.18284 0.364097 0.26061 -0.72951 -0.632375
1.68114 1.03983 0.408731 0.877314 -0.479789 -0.0110571
1.25725 0.960751 1.02909 0.832962 -0.532045 -0.151994
1.2668 0.852859 0.431978 0.799914 -0.368042 -0.474007
1.52262 0.549696 0.264264 0.888315 -0.350823 -0.296343
1.76006 0.883102 0.714513 0.47054 -0.678601 -0.563997
1.77887 0.534402 0.545475 0.727271 -0.555631 -0.402929
2.25397 0.771376 0.69873 0.540783 -0.551132 -0.635459
1.98464 0.571586 0.936932 0.671505 -0.720915 -0.171359
2.07103 0.260984 0.556518 0.677192 -0.628287 -0.38297
2.07681 0.700911 0.262978 -0.00652428 -0.429898 -0.902854
1.42137 0.683923 0.760622 0.530761 -0.26585 -0.804746
1.3224 0.151015 0.153537 0.919995 0.246296 -0.304872
2.06426 1.07739 0.91845 0.459587 -0.841276 -0.284665
2.08748 0.258511 1.04682 0.777914 -0.584287 0.231211
1.81453 0.280588 0.130954 0.861887 -0.127078 -0.490919
2.07597 1.09055 0.474193 0.569534 -0.727616 -0.382369
1.54311 0.106277 0.52577 0.931981 -0.307163 -0.192516
1.56471 0.389809 0.822358 0.552573 -0.519246 -0.651956
2.33935 1.09392 0.0724952 0.0268494 -0.632179 -0.774357
1.61997 1.20527 1.0236 0.703703 -0.70056 -0.118394
1.38355 0.874551 0.00325254 0.753741 -0.155161 -0.638592
1.78493 0.862745 1.22128 0.646328 -0.56407 -0.513892
1.63327 0.312333 1.23157 0.931369 -0.321776 -0.170329
2.45019 0.644707 1.04108 0.0532296 -0.94134 -0.333236
2.45289 0.811234 0.332088 0.231582 -0.616779 -0.752299
2.44914 1.06472 0.985193 0.370545 -0.841158 -0.393891
2.80001 0.822818 1.07637 -0.0855969 -0.825426 -0.557983
2.5175 0.457805 0.589206 0.276062 -0.857413 -0.434318
2.62913 1.15521 0.456247 0.0158661 -0.815444 -0.578619
2.88868 0.48911 0.844013 0.282719 -0.843225 -0.45721
3.10963 0.852021 0.696538 -0.0774669 -0.689333 -0.720291
2.86409 0.740597 0.359714 -0.0287138 -0.864158 -0.502401
3.15805 0.643918 1.05303 0.0162798 -0.79457 -0.606955
3.46768 0.962488 0.943477 -0.211177 -0.946793 -0.242872
3.35745 0.744602 0.154134 -0.346585 -0.192107 -0.918136
3.0418 1.19306 0.50277 -0.296211 -0.941061 -0.163288
3.06109 1.08643 0.146633 -0.563405 -0.673938 -0.477893
2.73003 0.886551 0.722728 -0.15532 -0.929418 -0.334751
2.65042 1.02453 0.0272862 -0.14342 -0.564972 -0.81255
2.9804 0.307525 0.494441 0.0859038 -0.988627 -0.123441
3.32133 0.276199 0.997392 0.00135176 -0.87207 -0.48938
2.86297 1.19308 1.02544 0.0151376 -0.908425 -0.417774
2.57172 0.250929 0.960431 0.3707 -0.910598 0.182736
3.42906 0.59902 0.68935 -0.349126 -0.834561 -0.426168
2.89823 0.0204994 0.84224 0.0325052 -0.951916 0.304631
2.61088 0.0866221 0.0262568 0.462656 -0.386731 -0.797739
4.77114 0.765256 0.764612 0.594333 -0.37758 0.710072
3.77641 0.491685 0.981657 -0.150698 -0.987798 -0.0393042
4.54736 1.09479 0.331972 0.954388 -0.253191 0.158235
4.17726 0.837711 1.03249 0.521509 -0.808876 0.271566
4.6751 1.16782 0.945972 0.71565 -0.282482 0.638788
4.29713 1.21833 0.713314 0.373718 -0.471887 0.798534
0.40355 2.02661 1.03313 0.592581 -0.306591 0.744882
0.672126 2.12023 0.566651 0.44645 0.13197 0.885023
1.02592 1.25303 0.197657 0.916346 0.0297059 0.399283
0.334287 1.36994 0.810952 0.832916 -0.0977212 0.544703
0.325649 2.14554 0.12905 -0.195538 -0.725938 0.659378
0.275841 1.88418 0.575932 0.545429 -0.380169 0.746979
1.12868 2.21675 0.637054 0.414065 -0.268236 0.869827
0.175357 1.60399 0.193538 -0.0540974 -0.254934 0.965444
0.767951 2.19585 1.0017 0.626966 0.256609 0.735571
0.509389 1.6612 0.961113 0.808719 -0.287315 0.513248
0.797118 1.25786 0.896296 0.912191 -0.0648822 0.404596
0.562621 1.59347 0.438188 0.421059 -0.198585 0.885027
0.0864844 1.61793 1.04496 0.574537 -0.320431 0.753147
0.833585 1.63007 1.20687 0.808326 -0.433473 0.398385
0.0707589 2.26677 0.428203 -0.029339 0.167745 0.985394
0.764727 2.25667 1.25512 0.0476017 0.0548765 0.997358
1.24735 1.27588 0.768326 0.912434 -0.382221 0.146191
1.23418 1.76891 1.06992 0.772274 -0.571943 0.276538
2.34482 1.24538 0.723876 0.349096 -0.747975 -0.564505
1.33708 1.73167 0.613235 0.828649 -0.301532 0.471613
2.13147 1.96076 0.795801 0.214997 -0.945685 0.243835
1.72497 1.4107 0.657679 0.473438 -0.874554 0.104938
1.67188 2.18961 0.767694 0.177124 -0.684522 0.707147
1.66681 1.77844 0.923563 0.480304 -0.844974 0.235218
2.02684 1.7926 0.378688 -0.144625 -0.989286 -0.0199371
1.4466 1.35341 0.292315 0.690168 -0.683042 -0.239
1.37186 1.4476 1.13669 0.640437 -0.683453 0.350331
2.09572 2.31764 0.571667 -0.106077 -0.901094 0.420448
1.2862 2.06255 1.00744 0.533502 -0.523605 0.664239
2.12075 1.55719 0.790412 -0.34013 -0.931984 -0.125368
2.06094 2.05128 0.0236652 -0.23857 -0.969137 0.0621067
2.40847 2.34318 0.853175 -0.393755 -0.841239 0.370505
2.4461 1.41819 0.230534 -0.201176 -0.666224 -0.718104
2.482 1.85032 0.251541 -0.510704 -0.770821 -0.380809
3.24014 1.29224 0.867936 -0.145069 -0.987253 -0.0654763
2.7014 2.00099 0.837449 -0.609219 -0.764318 0.211353
2.83684 1.45132 0.703856 -0.2509 -0.891162 -0.377995
3.19204 1.54703 0.356035 -0.6067 -0.728471 -0.318189
2.78847 1.52487 0.186532 -0.520286 -0.563763 -0.641462
2.50295 1.65358 0.648976 -0.0892295 -0.973897 -0.208718
3.10945 1.56627 1.13089 -0.318407 -0.946439 -0.0535825
2.56639 2.20822 0.456119 -0.687026 -0.725602 0.0386981
2.88726 1.92443 0.466082 -0.88736 -0.448213 0.108155
3.12204 1.86561 0.0945363 -0.723419 -0.627112 -0.288781
3.55554 1.32123 0.0725288 -0.184592 -0.436228 -0.880699
2.86955 2.18793 0.175618 -0.464958 -0.884558 0.0370184
3.60855 2.34513 0.553353 -0.401417 -0.415445 0.816254
3.0238 1.8189 0.836191 -0.0843543 -0.933706 -0.347962
2.96738 2.29228 0.630816 -0.693475 -0.70578 0.144799
3.31501 2.08141 0.905559 -0.679421 -0.695975 0.232391
3.4248 1.71221 0.687834 -0.230596 -0.894457 0.383108
2.52148 1.53967 1.11739 0.512394 -0.855541 0.0741742
2.87768 2.2939 1.05805 -0.395994 -0.614261 0.682548
3.21342 2.17323 0.435378 -0.344839 -0.616947 0.707434
0.024848 2.08445 0.821666 -0.0872029 -0.236285 0.967763
3.59478 1.21368 0.54625 -0.812809 -0.545354 0.204768
3.72511 1.9014 0.782227 -0.376266 -0.836167 0.39906
3.63741 1.93519 0.240696 -0.794936 -0.586123 -0.156639
4.57389 1.79829 0.590905 0.73041 -0.550794 0.40389
4.04935 1.55083 0.146529 0.254422 -0.855902 -0.450224
4.60295 2.01992 1.12689 0.489796 -0.512971 0.704954
4.12515 1.77812 0.719014 0.101239 -0.658087 0.746105
4.15966 2.03754 0.459538 -0.0121101 -0.509275 0.860519
3.82423 1.41881 0.968667 0.0952311 -0.902493 0.420045
4.7229 1.47653 0.621597 0.646536 -0.338826 0.683511
4.12822 2.27893 1.11408 -0.00268984 -0.729511 0.683964
4.54212 2.45803 0.243762 0.136325 -0.633226 0.761866
4.41904 1.52846 1.08475 0.451107 -0.632622 0.629517
4.33542 2.34957 0.829956 -0.290585 -0.281525 0.914497
0.441384 2.64254 1.03123 0.505403 -0.341861 0.792275
0.413626 2.65945 0.314331 -0.151541 -0.151234 0.976813
0.838877 2.55202 0.381143 0.36213 -0.0326014 0.931557
0.767498 3.41943 0.622366 0.43591 0.523189 0.732295
0.895906 3.34483 0.107484 0.0712439 0.414533 0.907241
0.469203 3.51817 1.03631 0.494744 0.411116 0.765645
0.853616 3.03128 0.454882 0.595087 -0.0712708 0.800495
0.531368 3.32658 0.241233 0.296911 0.610889 0.733934
0.431922 3.22517 0.836618 0.416747 -0.20352 0.885947
1.18533 3.32541 0.757702 0.332015 -0.0630441 0.941165
0.602636 2.86767 0.734832 0.176665 -0.0908952 0.980065
0.250136 3.02595 0.528579 -0.300924 0.142883 0.942883
0.0930693 3.35688 0.937419 0.303569 -0.280684 0.910529
0.213474 3.08502 0.118054 0.160549 0.404869 0.90017
0.181348 3.43459 0.446184 0.384669 0.742079 0.548952
0.955929 2.59898 0.820414 0.724592 -0.41826 0.547745
0.826599 3.54265 1.00321 0.787427 0.236528 0.569221
0.188712 3.51043 0.0644464 0.755647 0.0985414 0.647524
0.266321 2.39377 0.765033 0.416982 -0.727772 0.544495
0.1816 3.0255 1.1566 -0.00977786 0.186396 0.982426
0.911989 3.06237 0.941529 0.463314 -0.123229 0.877585
1.18229 3.53543 0.410179 0.661865 0.538562 0.521427
4.70194 2.84799 0.753135 0.512037 -0.627515 0.586552
0.0422796 2.48221 1.14143 0.255256 -0.433823 0.864084
1.00706 3.18525 1.20928 0.52356 0.225965 0.821477
1.25404 2.87513 0.65422 0.870341 -0.123653 0.476672
1.21344 2.89087 0.231796 0.737956 -0.0386236 0.673742
1.73124 2.57975 0.54661 0.0172974 -0.79863 0.601574
1.64177 3.32604 0.782116 0.292562 -0.359697 0.886017
2.12118 2.43668 1.03078 -0.212845 -0.611634 0.761971
1.75024 2.61152 0.988483 0.065322 -0.617883 0.783552
2.27323 2.77969 0.791305 -0.556991 -0.728697 0.39845
2.31282 2.64149 0.105203 -0.980149 -0.188092 0.0626794
1.49331 2.99757 1.03135 -0.0295709 -0.00771322 0.999533
1.59283 3.43246 1.12628 0.464094 -0.146752 0.873545
2.1108 3.43617 1.06421 -0.0797814 -0.930978 0.356252
1.38799 2.53814 0.899129 0.313865 -0.445464 0.838481
2.15477 2.93068 1.14784 -0.698972 -0.647014 0.304648
1.96159 3.58745 0.163558 0.0848737 -0.609706 0.78807
3.79478 2.31797 1.08197 -0.353722 -0.453273 0.818184
2.42299 3.1848 1.12653 -0.467984 -0.565909 0.678777
3.36998 2.66975 0.372882 -0.858947 -0.274757 0.43211
2.83571 2.74122 0.60538 -0.587487 -0.802674 -0.102828
2.67051 2.61944 0.749166 -0.75883 -0.631923 0.157639
2.64036 2.894 0.939889 -0.55681 -0.785719 0.269457
2.7048 2.49316 0.273065 -0.674366 -0.651053 -0.348368
3.13113 2.93728 0.916125 -0.600247 -0.789465 0.128253
3.02491 2.71916 0.530636 -0.793527 -0.586115 0.16366
3.2081 3.11941 0.602568 -0.579493 -0.76602 0.27821
2.81737 3.03204 0.620798 -0.777579 -0.615727 -0.127483
2.87856 2.80512 0.148076 -0.901636 -0.430686 -0.0395289
3.5792 3.07365 1.0588 -0.511364 -0.464978 0.722705
2.88065 3.23706 1.09822 -0.52231 -0.760895 0.385007
2.52798 2.84598 0.44923 -0.790934 -0.610797 0.0367383
2.90163 2.72284 1.06742 -0.517064 -0.85275 0.0739124
3.26204 3.33426 1.01199 -0.394226 -0.440588 0.806516
2.87959 3.47199 0.70173 -0.843722 -0.116734 0.523933
3.41718 3.57698 0.684993 -0.532565 -0.720559 0.444037
3.16426 2.98963 0.256784 -0.856574 -0.515877 -0.0123281
2.49663 2.59315 1.17556 -0.263491 -0.79727 0.543078
3.32301 2.73829 1.24991 -0.422591 -0.844191 0.329784
4.50509 2.46237 0.985586 0.0834998 -0.379077 0.92159
3.63377 3.05907 0.27918 -0.71181 -0.15557 0.684927
3.61519 3.17947 0.579502 -0.717172 -0.330466 0.613561
4.36695 3.14077 0.281315 -0.147883 0.347865 0.925808
4.67371 2.89251 0.330274 0.0962967 0.0531463 0.993933
3.6633 3.40655 0.016129 -0.855819 0.326961 0.400837
3.6692 2.73531 0.776459 -0.427844 -0.443958 0.787306
4.56279 3.49574 0.210816 -0.0538619 0.598497 0.799312
3.99294 3.44166 0.48718 -0.315609 -0.0211528 0.948654
4.01606 3.16362 0.122294 -0.425194 0.236124 0.873759
4.05325 2.92831 0.642183 -0.31521 -0.386158 0.866905
4.00012 3.26168 0.882407 -0.302216 -0.087887 0.949179
4.24389 3.58063 1.06158 -0.411326 0.0765092 0.908272
3.8411 2.59231 0.339261 -0.523263 -0.817136 0.241836
4.51611 3.22834 1.03092 0.288614 -0.140868 0.947026
4.18079 2.67228 0.957551 0.172878 -0.714037 0.678428
4.47352 3.33569 0.628597 0.22646 0.173353 0.95847
3.69966 3.51803 1.10779 -0.725628 -0.148928 0.671777
4.31159 2.76424 0.0372175 -0.321486 -0.00545282 0.946899
1.09113 4.63656 0.157836 0.849803 -0.187903 -0.49247
0.733844 3.81166 0.703669 0.35111 0.574412 0.739441
0.605503 4.20172 0.700774 0.750795 0.0525424 0.658442
0.305519 4.56516 0.920582 0.903937 0.34642 0.250781
0.303686 3.84756 0.0267254 0.534391 0.650181 0.540085
0.434599 4.07157 0.994108 0.520424 0.664235 0.53661
0.639724 4.67729 0.665468 0.958355 0.220871 0.181028
0.16887 4.58543 0.507424 0.596947 0.325092 0.733464
0.931234 4.25134 0.432736 0.787611 0.312742 0.530905
0.623142 4.15021 0.216303 0.626658 0.710196 0.320814
0.944917 3.94303 0.968289 0.91482 0.0752672 0.396785
0.959782 4.36547 0.871336 0.813136 0.343076 0.470223
0.329518 4.17879 0.4904 0.413946 0.564821 0.713881
0.0949377 4.21901 0.159359 0.744515 0.359139 0.562776
0.652586 3.71189 0.320821 0.565376 0.434595 0.701055
1.11669 3.9109 0.592031 0.858254 0.181885 0.479915
0.626993 4.46856 1.15402 0.91775 0.300157 0.26008
0.397903 3.87394 0.0647032 0.387776 0.746296 0.540992
1.00254 4.75983 0.474939 0.905222 0.348105 -0.243714
0.348669 3.70486 1.3189 0.861636 0.418034 0.287804
0.0411395 3.82626 0.290707 0.383374 0.330254 0.862529
1.1009 3.8694 0.113411 0.533857 0.76665 0.356714
1.84646 3.74814 0.656239 0.61382 0.224629 0.756814
1.32072 4.42119 0.51037 0.810489 0.562157 0.164583
2.323 0.000543118 0.814602 0.511426 -0.857577 0.0548143
1.71522 4.36778 0.971332 0.948949 -0.142381 -0.281466
1.36539 4.67764 0.893234 0.964622 -0.246476 0.0935646
1.52971 4.03959 0.482229 0.968974 0.166208 0.182933
1.63363 4.66686 0.175041 0.891759 0.143819 -0.429049
2.0101 4.25923 0.654236 0.705197 -0.514806 0.487515
1.30462 4.24644 0.14398 0.85889 0.507333 0.0701483
1.29487 4.1885 0.862762 0.888224 0.399926 0.226091
1.84662 0.00119734 0.846218 0.3084 -0.73776 -0.600499
1.82569 4.30274 0.0355628 0.788065 0.614447 -0.0375285
2.1566 4.58323 1.15071 0.539582 -0.8086 0.234558
1.60076 3.80108 1.00889 0.571647 -0.384021 0.725084
2.43403 4.453 0.639402 0.408414 -0.842539 0.351178
3.37853 4.65695 0.86047 0.252029 -0.890461 -0.378894
3.1239 3.67212 0.224263 -0.0274117 -0.134942 0.990474
2.46766 4.18924 1.00949 0.0887752 -0.970855 0.222621
2.65693 3.98645 0.621132 -0.111365 -0.847206 0.519461
2.86617 4.38271 0.900851 0.208281 -0.974247 0.086382
2.86117 4.5649 0.47629 0.587453 -0.753421 0.295392
3.35279 4.04435 1.04279 -0.409197 -0.910939 -0.0524276
2.54423 3.69835 1.11565 -0.0121717 -0.928671 0.370705
2.6168 4.63001 1.12283 0.0478613 -0.986213 -0.158406
0.00237322 3.80453 1.09683 0.359142 0.420329 0.833271
4.69082 3.70479 0.665826 0.453818 0.264682 0.850878
3.88214 4.01576 0.930323 -0.773237 -0.631187 0.0608841
4.16488 3.62811 0.0580676 -0.237101 0.489713 0.839026
4.45239 0.0046401 0.884725 0.959899 -0.28019 -0.00929844
0.776092 0.425146 2.04828 0.847616 0.386528 -0.363514
0.705766 0.917628 1.63411 0.977597 -0.208682 -0.0274838
0.338165 0.585592 1.83684 0.993648 -0.0417937 -0.104486
0.964264 0.803187 1.99957 0.896864 -0.0662306 -0.437321
0.324515 0.948032 1.62191 0.969854 0.190816 0.151565
0.511308 0.616135 1.39614 0.931728 -0.0710607 -0.356137
0.440092 0.180217 2.01202 0.887161 0.277074 -0.369018
0.938467 0.740199 1.29017 0.947394 -0.319695 0.0155013
0.808447 0.138176 1.75686 0.757638 0.408506 -0.509026
1.02018 0.0351015 2.12468 0.924809 0.242183 -0.293386
0.416282 0.230373 1.55361 0.89999 0.0271805 -0.435062
0.519832 0.937644 1.87991 0.988317 -0.151718 -0.0145483
1.07213 0.460532 1.7096 0.875261 0.341335 -0.342649
0.670521 0.164349 2.31405 0.85967 0.436224 -0.265848
0.590796 0.904837 2.32552 0.993788 0.0536313 -0.0975154
0.188694 0.80294 1.13125 0.926647 -0.0216858 -0.375306
1.12329 1.03101 1.6844 0.995892 -0.0778022 -0.0463309
0.0663511 1.07613 2.19652 0.404349 0.0178971 -0.914429
0.69901 0.156976 1.30414 0.888072 -0.407367 -0.213027
1.01488 1.14534 1.24516 0.906207 -0.41179 0.0960137
0.445861 0.791538 1.80674 0.92804 -0.0907839 0.361247
1.85336 1.06041 1.99287 0.766181 -0.642446 0.0151663
2.1083 0.62814 1.28812 0.565309 -0.737294 -0.369896
1.61998 0.418297 1.79817 0.83053 -0.319109 -0.456497
1.21421 0.51145 2.21534 0.816968 0.113424 -0.565419
1.58941 0.940343 1.56877 0.718798 -0.516707 -0.465128
2.17848 1.17358 1.2829 0.230499 -0.734944 -0.637752
1.33237 0.676574 1.30402 0.937028 -0.306353 -0.167711
2.3073 0.895773 2.04674 0.33845 -0.556366 -0.758886
1.74824 0.582675 1.4599 0.778058 -0.57369 -0.25594
2.08273 0.900321 1.59836 0.680848 -0.470502 -0.561315
1.36048 0.224377 1.99424 0.525563 0.103943 -0.844381
1.63344 0.586511 2.35693 0.403458 -0.0481911 -0.913728
2.11327 0.476848 2.31442 0.415215 -0.305419 -0.856922
1.461 0.777393 1.9917 0.490831 -0.177609 -0.85296
2.01405 0.177537 1.43096 0.84449 -0.512222 -0.156415
1.74941 0.270891 2.23234 0.71381 0.00598233 -0.700314
1.96778 0.63072 1.89568 0.488363 -0.65591 -0.575572
1.33652 1.06863 2.30065 0.665026 -0.403033 -0.628733
2.33119 0.377042 1.7086 -0.288791 -0.936633 -0.198288
2.11159 0.0899516 1.97546 0.611112 -0.387912 -0.689975
3.50724 0.659487 1.21184 -0.0793105 -0.891426 -0.446172
2.56913 0.580208 2.04912 0.476411 -0.451521 -0.754428
2.51364 0.748134 1.67957 0.564728 -0.353383 -0.74579
2.47182 0.342049 1.32009 0.464673 -0.855603 -0.228084
2.52336 0.966727 1.36336 0.405689 -0.680722 -0.609946
2.84392 0.517718 1.33198 0.160226 -0.974282 -0.158438
3.30615 0.699414 1.5408 0.0933074 -0.956559 -0.276203
3.17858 0.316655 1.3891 -0.219416 -0.975438 -0.0194069
3.26991 0.344225 1.79851 0.199486 -0.811323 -0.54951
3.1531 0.715692 1.9294 -0.0724898 -0.797799 -0.59855
3.12603 0.959455 1.26985 0.254173 -0.941796 -0.220039
3.51494 0.72189 2.22621 0.142486 -0.565316 -0.812475
2.88472 0.919004 1.62031 0.249546 -0.624972 -0.739687
2.88616 0.370969 2.18507 0.20095 -0.398673 -0.894807
3.19369 0.100335 2.13059 0.0529053 -0.441959 -0.895474
2.95021 0.735186 2.30609 0.0568893 -0.437298 -0.897515
3.26072 0.419901 2.34011 -0.0997135 -0.650857 -0.752623
2.76345 0.978639 2.03194 0.244722 -0.37665 -0.893446
3.46644 1.17628 1.29546 0.293271 -0.944393 -0.148705
3.27786 1.02817 2.3408 -0.165669 -0.68081 -0.713478
2.85425 0.124567 1.29526 0.145511 -0.976894 -0.156539
3.36028 1.05439 1.74442 0.420089 -0.840333 -0.342588
2.46854 0.236009 2.23786 0.330561 -0.640596 -0.693084
0.0342617 0.330805 2.08527 0.881195 -0.00442189 -0.472733
4.78696 0.297686 1.15727 0.979602 -0.192943 0.0561448
4.15873 0.229582 1.34094 0.39502 -0.318827 -0.861573
4.56904 0.70368 1.8238 0.760905 -0.645596 -0.0650347
4.27823 0.233163 2.34901 0.551261 -0.548116 -0.629031
3.60576 0.367357 1.48703 0.0914742 -0.842461 -0.530936
3.72052 0.908444 1.48094 0.514238 -0.831748 -0.209178
4.63443 0.162429 1.65873 0.899156 -0.437517 0.00989344
3.62141 0.555654 1.8812 0.261079 -0.686601 -0.67854
4.11944 0.947425 1.52241 0.536506 -0.792148 -0.29097
4.31327 0.674867 1.45391 0.844314 -0.237411 -0.480386
3.98436 0.730973 1.92958 0.5444 -0.735446 -0.40342
4.30989 0.940879 1.89055 0.775693 -0.402999 -0.485686
3.95771 0.560672 1.56557 0.654539 -0.5724 -0.4939
3.94238 0.401998 2.24219 0.540876 -0.0948507 -0.835737
4.66487 0.99523 1.80548 0.813436 -0.440802 -0.379492
4.56807 0.84751 2.2364 0.457832 -0.735509 -0.499415
4.04647 1.02947 2.18802 0.640159 -0.630344 -0.439162
4.19424 0.366004 1.77845 0.842813 -0.371287 -0.38963
3.61605 0.151585 2.09473 0.0359803 -0.465627 -0.884249
3.74013 1.03584 1.87771 0.505162 -0.834484 -0.220109
4.60796 1.06865 1.40492 0.805404 -0.577397 -0.13393
4.19989 0.722032 2.3185 0.861143 -0.308454 -0.404089
4.26307 0.322457 1.48246 0.312756 -0.683903 0.659136
0.542611 1.22214 1.2103 0.746462 -0.432961 0.50531
0.204514 1.46119 2.13904 -0.217124 -0.656623 -0.72229
0.239048 1.35913 1.56898 0.896918 0.222918 0.381897
0.684344 1.36119 1.57864 0.959235 0.0266038 0.281353
0.974093 1.60923 2.13609 0.902791 -0.030474 0.428999
0.783388 1.45429 2.05543 0.883723 0.217926 0.414177
0.181 2.08249 1.37685 0.466945 -0.12944 0.874761
1.06525 2.07149 2.14945 0.870158 0.144032 0.471253
0.683551 1.97761 1.82114 0.460265 0.504694 0.73037
0.310811 2.35759 2.01843 0.395651 -0.0508613 0.916991
0.634971 1.8384 2.38824 0.509401 -0.171304 0.843306
1.08187 1.50197 1.47457 0.774682 -0.558024 0.297449
1.05176 2.21176 1.68804 0.808609 0.269819 0.522828
1.1482 1.75243 1.68263 0.859521 -0.449317 0.243595
0.35117 2.37193 1.60734 0.608114 -0.0984234 0.787724
0.0156275 2.01165 1.98502 0.421989 -0.00138714 0.9066
0.532278 2.19973 1.60266 0.484736 -0.204997 0.850298
2.09057 1.72407 1.21271 0.328443 -0.810515 0.484965
1.62621 2.23123 1.22879 0.207902 -0.62145 0.755365
1.37424 1.30224 1.4709 0.823894 -0.523148 0.217978
1.73216 1.31958 1.6597 0.924696 -0.332823 0.184841
2.03109 2.19803 1.35674 -0.24615 -0.239519 0.93917
1.39411 1.37482 1.94777 0.689057 -0.711137 -0.139587
1.74173 1.50712 2.34732 -0.0897572 -0.467628 -0.879356
1.67559 1.64389 1.29191 0.479121 -0.79395 0.374283
1.53254 1.78821 1.63999 0.731157 -0.653984 0.194203
2.06696 1.77578 2.04137 -0.337553 0.544836 -0.767601
1.73415 2.40015 2.17419 -0.217533 -0.461147 0.860246
2.36669 2.38042 2.1832 0.053284 -0.49109 0.869477
2.48396 2.14625 1.20197 -0.0852707 -0.886373 0.455051
2.89614 1.35619 1.9797 0.885938 -0.168799 -0.431996
2.18243 1.45866 1.73736 -0.287758 -0.947307 -0.14073
3.10711 1.28101 1.49773 0.543545 -0.681991 -0.489334
2.87591 1.78753 2.00996 0.0737032 -0.937294 -0.340657
3.27986 2.27698 1.32123 -0.271424 -0.724022 0.63413
2.73526 1.45326 1.40639 -0.333148 -0.930152 -0.154366
2.73654 2.02536 1.50594 -0.272982 -0.871443 0.407514
3.21773 1.87556 1.46541 0.0102242 -0.868106 0.496274
3.53456 1.44146 1.6475 0.433006 -0.89775 -0.0809398
3.41902 1.61141 2.29845 0.2823 -0.106522 -0.953394
3.08607 1.29705 2.11131 -0.0859248 -0.258874 -0.962082
2.41015 2.38266 1.62097 -0.451796 -0.367835 0.812759
3.80693 2.16516 1.24023 0.486544 -0.624082 0.611388
4.26346 1.85866 1.33368 0.297626 -0.0607226 0.952749
4.66063 1.67745 1.42715 0.380606 -0.469404 0.796743
3.98623 1.41767 1.78657 0.601799 -0.688015 0.405553
4.51801 1.44583 1.84936 0.821621 -0.54333 0.172427
4.28139 1.2857 1.52703 0.569171 -0.822075 0.0153701
4.30179 1.88965 1.80345 0.715526 -0.172027 0.677074
3.89051 1.32425 1.38441 0.534423 -0.833804 0.138428
4.19219 1.41751 2.17959 0.463101 -0.861474 -0.208328
4.36684 2.0903 2.35403 -0.0880891 -0.414843 0.905619
3.76318 1.29869 2.38321 -0.00760109 -0.928134 -0.372168
0.770902 2.45822 2.012 0.481736 0.33185 0.811052
0.819722 2.72508 1.23307 0.356074 0.0944162 0.929676
0.605696 3.11038 1.25064 0.126519 -0.272188 0.95389
1.65546 2.65667 0.95997 0.389435 -0.0531567 0.919519
0.286785 2.77633 1.87941 0.394385 -0.117901 0.911351
0.515684 2.77132 1.47102 0.50884 0.0797466 0.857159
0.267059 3.23596 1.50349 0.176232 0.0917773 0.980061
0.523716 2.81766 1.93374 -0.254987 0.289345 0.922638
0.679335 2.71613 1.77007 0.112435 0.205211 0.972238
0.129028 2.92997 2.25964 -0.25322 0.450386 0.856173
1.0578 2.59405 2.09458 0.226236 0.508251 0.830962
0.867156 3.119 2.25837 -0.110326 0.445983 0.888216
0.689727 3.56318 1.47254 0.531833 0.51705 0.670681
1.14236 3.37411 1.72498 0.0632828 0.182383 0.981189
1.01184 3.45859 2.29591 0.214041 0.458608 0.862476
0.593751 2.81902 2.29545 0.200355 0.147948 0.968488
0.936456 3.31789 1.71849 -0.0279747 0.246801 0.968662
0.034968 3.15167 1.85478 -0.305968 0.0991887 0.946861
0.955944 3.12212 1.47481 0.444935 0.167765 0.879709
1.14868 2.73024 1.63285 -0.00213383 -0.0803617 0.996763
0.0733677 2.77796 1.41355 0.00700933 -0.00422029 0.999967
0.169868 3.48515 2.12381 -0.247207 0.769435 0.588947
1.07171 3.03169 1.95818 -0.0249786 0.249027 0.968174
1.12491 3.01455 2.37647 0.0446864 0.558379 0.828382
2.00124 2.43183 1.81368 -0.795209 -0.0795693 0.601092
1.39324 3.01172 1.61128 0.604908 -0.219148 0.765546
1.69513 2.8545 1.34476 -0.0214856 -0.26425 0.964215
2.13978 2.6187 1.42819 -0.402742 -0.552368 0.729855
2.34734 2.9787 1.53259 -0.383194 -0.508977 0.770782
1.91771 3.18833 1.51483 -0.49627 -0.282939 0.820769
2.04264 2.855 1.70242 -0.392349 -0.306944 0.867091
1.37815 3.16224 2.23172 -0.244246 0.38291 0.890912
2.35156 2.75422 1.9428 -0.414321 -0.113334 0.903047
1.77263 3.27354 2.08873 -0.770368 0.204564 0.603893
2.06335 3.21876 1.92475 -0.400988 0.26372 0.877303
2.15386 3.28894 2.28061 -0.225655 0.0358339 0.973548
1.38651 3.57544 2.28441 -0.143872 0.414684 0.89852
2.31136 3.40736 1.481 -0.548691 -0.630655 0.548829
1.30833 2.60871 2.36911 -0.0627968 0.542935 0.837423
1.69981 2.82681 2.00472 -0.760898 0.311587 0.569164
2.26431 2.86478 2.35507 -0.7034 -0.335805 0.62647
1.76976 3.57539 1.44197 -0.126459 -0.16008 0.97897
3.26858 4.00819 1.95461 0.295166 -0.803893 0.516365
3.05624 2.51837 1.77315 -0.718067 -0.48002 0.503945
2.51733 3.20765 1.95691 -0.92627 -0.258208 0.274502
2.83562 3.10163 2.34238 -0.742672 -0.250407 0.621075
2.93196 2.4739 1.3947 -0.635307 -0.738432 0.226061
2.67812 2.6882 1.57915 -0.748262 -0.608877 0.263386
2.71448 2.97093 1.34255 -0.379521 -0.697336 0.608018
3.10581 2.90092 1.45496 -0.650778 -0.591807 0.47566
2.68116 3.35983 1.49928 -0.6447 -0.744284 0.174366
3.03594 3.29675 1.47971 -0.86621 -0.294972 0.403326
3.17332 2.94534 2.12696 -0.845966 -0.321837 0.425162
2.54725 2.89213 1.8233 -0.949769 -0.312759 0.0109698
2.79076 2.89694 1.8844 -0.481744 -0.286246 0.828243
3.21012 3.13629 1.79956 -0.902673 -0.29298 0.315189
3.41269 3.29398 1.40471 -0.91837 -0.312002 0.243416
3.52785 2.91635 1.68219 -0.391188 -0.635244 0.665911
3.20392 3.46202 2.29584 -0.959725 -0.274803 0.0584004
3.48791 2.56793 2.04649 -0.356073 -0.930241 -0.0886844
2.66607 3.51239 2.25424 -0.937412 -0.234707 0.257238
3.35993 2.59537 1.26061 -0.35297 -0.660968 0.662218
3.57529 3.29619 2.02072 -0.686512 -0.724821 -0.0577562
4.60778 2.37445 2.10828 -0.612866 -0.73513 -0.289792
0.0662389 3.43679 2.27976 -0.219746 0.329406 0.918261
3.88494 2.40512 1.87451 0.0891104 -0.966879 0.239173
4.51494 2.71225 1.63005 0.110832 -0.0441261 0.992859
4.16144 2.53785 2.11257 0.488868 -0.553466 0.674302
4.06796 2.96437 1.46431 -0.0562614 -0.740875 0.669283
4.53892 3.35324 1.4491 -0.0345477 -0.359061 0.932675
4.10223 3.10738 1.22708 -0.0997842 -0.825609 0.55535
4.63426 2.98362 1.31394 -0.141111 -0.429975 0.891745
3.78551 2.82901 1.2796 0.0910912 -0.610988 0.786381
4.64007 2.52693 1.69182 0.185694 -0.689621 0.699958
4.41113 3.11211 1.94094 0.58022 0.0974082 0.808614
3.94367 3.13808 1.66915 0.278679 -0.851948 0.44331
3.96527 2.75788 1.86611 0.156009 -0.649615 0.744084
3.73392 3.52675 1.58688 -0.552555 -0.731821 0.398901
4.3223 3.38842 2.35256 -0.319517 0.636246 0.70221
4.69159 3.54709 1.72192 0.0246618 -0.0899471 0.995641
1.15703 3.72533 1.25384 0.381043 -0.136004 0.914499
0.367961 3.70802 2.23586 0.102985 0.920144 0.377796
0.610966 4.02973 2.35339 -0.199023 0.594709 0.778916
0.35452 3.63758 1.76773 0.116229 0.631501 0.766615
0.21747 4.73399 1.33067 0.888873 0.451121 -0.0799677
1.17875 4.52784 1.24908 0.90871 -0.0833158 0.409029
0.878965 4.27064 1.30037 0.85092 -0.112809 -0.51304
0.774839 3.69278 2.16579 0.255575 0.662881 0.703755
0.2279 4.28865 1.36025 0.680269 0.732535 0.0250389
0.0868211 4.64825 1.75465 0.918914 0.288419 0.269093
1.04686 3.63444 1.59966 0.210905 0.244617 0.946405
0.478656 4.53229 1.67402 0.69646 0.708921 -0.111243
0.785139 4.57111 1.98209 0.89602 0.444008 0.00211343
0.811627 3.76322 1.78367 0.490914 0.508124 0.707682
0.347339 4.09202 1.88569 0.633096 0.414562 0.653703
0.889893 4.54876 1.62875 0.882314 0.462316 -0.0882388
0.796051 4.16202 1.94615 0.590801 0.633228 0.499976
0.348811 3.83027 1.3134 0.677627 0.193637 0.709455
0.624402 4.01495 1.53425 0.79423 0.145387 0.589967
1.0124 4.30582 2.30859 0.551898 0.772631 0.313768
0.391846 4.62909 2.22423 0.812205 0.501826 -0.29748
1.13491 3.91655 2.07074 0.401549 0.384239 0.831335
0.0369154 4.72863 2.15321 0.992959 -0.0723882 0.0937623
1.2804 3.96812 1.21188 0.697198 -0.0168057 0.716682
1.7188 4.71299 1.41047 0.688423 -0.719115 0.0945881
1.27152 4.60006 1.87595 0.943118 0.136335 -0.303218
1.5626 4.24406 1.35169 0.826995 -0.388731 0.406163
1.20802 4.13322 1.62262 0.80994 0.125499 0.572929
1.70108 4.73247 2.02886 0.585668 -0.177855 -0.790797
2.08516 3.68081 2.19421 -0.586178 -0.353339 0.729073
1.36697 3.6554 1.82168 -0.122637 0.216648 0.968516
1.67187 3.71393 1.92955 0.0615348 0.346292 0.936107
2.18344 3.63383 1.77997 -0.402937 -0.434797 0.805353
2.08118 4.44611 1.58093 0.619068 -0.774028 0.132803
2.15345 4.01805 1.29118 0.0831734 -0.920833 0.380983
2.97497 3.88546 1.56761 0.205928 -0.650719 -0.730861
2.91053 0.022994 1.79828 -0.298438 -0.861615 -0.410554
2.46118 3.97632 2.10231 -0.547006 -0.836799 -0.023479
3.36952 3.65404 1.76476 -0.705007 -0.706225 -0.0648974
3.18135 4.63668 1.24916 0.472401 -0.609105 -0.637047
2.5012 4.74215 1.50516 0.172331 -0.952786 0.250003
3.55743 4.75275 1.47556 -0.124965 -0.411261 -0.902911
3.07789 4.43379 2.17709 -0.587346 -0.419501 -0.692129
3.01369 4.12943 1.2461 -0.226567 -0.973709 -0.0236424
2.6869 4.52641 2.12723 -0.683294 -0.565326 -0.462077
3.23917 3.9633 2.08791 -0.633043 -0.728978 -0.260475
2.93097 0.0915608 1.71143 -0.28939 -0.938802 -0.186828
3.35415 4.21661 1.77848 -0.529217 -0.792897 -0.302065
2.856 4.08256 2.05291 -0.735731 -0.631172 -0.245607
3.18299 3.71852 1.375 -0.833173 -0.531686 -0.152094
3.45577 4.47949 2.22826 -0.518924 -0.494818 -0.697046
3.33926 4.64707 1.81224 -0.380056 -0.875202 -0.299297
2.55157 4.24537 1.56305 0.249161 -0.0746854 -0.965578
3.54213 3.93941 1.67656 -0.561635 -0.791904 -0.239697
2.78251 3.81505 1.70137 -0.65727 -0.747654 -0.0949239
4.74888 3.89209 2.16564 0.477605 0.191608 0.857426
3.8182 4.4043 1.30161 -0.0510598 -0.992115 -0.114458
3.9237 4.76984 1.81347 -0.138253 -0.0578474 -0.988706
3.66342 4.29239 1.88409 -0.366747 -0.900815 -0.232442
4.18877 3.75378 1.74979 -0.815831 -0.103073 0.569031
4.63765 4.32981 2.38282 0.0821833 0.975873 0.202283
4.11195 4.35014 2.11379 0.57637 -0.514773 -0.634671
4.02857 4.79906 2.36669 0.0425635 0.11753 -0.992157
0.841349 0.568425 2.42623 0.721164 0.36049 -0.591582
0.178704 0.126879 2.55244 0.749166 0.455586 -0.480824
0.775893 0.860939 2.95756 0.101876 0.98959 -0.101647
1.1711 0.25477 2.99026 0.4329 0.638029 -0.636802
0.438125 0.524868 2.53237 0.97291 0.230538 -0.0172388
1.08993 0.199075 2.46202 0.669619 0.578239 -0.466101
0.502752 0.475568 3.21321 0.773713 0.563134 -0.290255
0.137027 0.465485 3.02692 0.952765 0.232565 -0.195327
0.570602 0.462542 2.92489 0.812945 0.580953 0.0401815
0.811064 0.265108 2.77247 0.528266 0.774521 -0.347927
0.815609 0.118265 3.22222 0.353423 0.764124 -0.539636
0.478328 0.159098 3.47989 0.642274 0.565849 -0.51701
0.105142 0.349992 3.59004 0.343041 0.939255 -0.0110778
1.11538 0.348573 3.34614 0.455958 0.839843 -0.29456
0.712222 0.521497 3.30834 0.376511 0.912207 0.16161
1.14591 0.612602 2.75138 0.330957 0.923926 -0.191908
1.21708 0.752783 3.16116 0.291788 0.445145 -0.846584
1.25886 0.0559315 3.60338 -0.0761383 0.918175 -0.38879
1.54909 0.802053 2.88443 0.418631 0.485176 -0.767693
1.7281 0.933188 2.47714 0.920594 -0.0581781 -0.386164
1.4195 1.16431 3.36762 0.289264 0.274657 -0.917001
1.78185 0.979044 3.22586 0.24218 0.0229411 -0.96996
2.01637 0.632034 2.8921 0.175705 -0.0528211 -0.983025
1.56125 0.466371 3.07338 0.176979 0.518174 -0.836764
1.44775 0.70245 3.52417 -0.469871 0.6362 -0.611941
1.87159 0.601598 3.37551 -0.364952 0.539822 -0.758553
2.19775 0.244604 3.29167 -0.111553 0.111684 -0.987463
2.22625 0.908274 3.37954 -0.386555 0.0884324 -0.918017
1.45325 0.0994109 3.04421 0.44797 0.609089 -0.654471
1.5264 0.283814 3.44018 0.299656 0.547279 -0.781468
1.85377 0.153915 3.23462 0.220208 0.408037 -0.88601
1.84451 0.251036 2.78969 0.479476 0.243579 -0.843073
2.36618 0.603408 3.16672 -0.263575 -0.0727229 -0.961894
1.48496 0.252159 2.54344 0.676764 0.0153015 -0.736041
2.21411 0.537269 3.58715 0.123354 0.114244 -0.985765
2.29344 0.0072192 2.99335 -0.0130621 -0.146407 -0.989138
2.07461 1.12919 2.57908 0.475208 0.0974 -0.874466
2.41966 0.354959 2.80494 -0.295451 -0.185103 -0.937254
2.41479 1.01951 3.00886 -0.710751 0.0876966 -0.697956
2.43726 0.763049 2.50147 0.0460886 -0.266943 -0.96261
3.28391 0.265401 2.77068 0.0713882 -0.984878 -0.15786
3.29197 0.883141 3.06136 -0.0778292 0.0929198 -0.992627
2.99742 0.502503 3.08809 -0.363225 -0.280249 -0.888554
2.72159 0.826513 3.09377 -0.55896 0.467253 -0.68501
2.74478 0.542163 2.67271 -0.0612924 -0.00255491 -0.998117
3.12594 0.710473 2.72031 -0.484025 -0.160746 -0.860163
2.62897 0.291593 3.19317 -0.340275 -0.158357 -0.926896
2.90137 0.165849 2.78341 -0.396375 -0.417868 -0.81748
2.75953 0.549144 3.45721 -0.666035 0.0968653 -0.739605
3.37401 0.993334 3.46272 -0.142033 -0.0299446 -0.989409
2.8394 0.963215 3.49147 -0.337485 -0.43073 -0.837004
2.94858 0.178173 3.4523 -0.283629 -0.239689 -0.928495
3.26809 0.44762 3.36736 -0.292064 -0.10933 -0.950129
3.39969 0.0231134 3.32199 -0.267111 0.401144 -0.876205
2.86812 1.12067 2.57145 -0.42726 -0.605905 -0.671065
2.99534 1.2045 3.18046 -0.588755 0.363639 -0.721896
2.76883 0.0295887 2.41965 -0.102967 -0.79049 -0.603758
3.59608 0.581037 2.86784 0.0408951 0.0187313 -0.998988
3.58999 0.936206 2.61511 0.149781 -0.370367 -0.91673
3.6431 0.382901 2.50008 0.169224 -0.106359 -0.979822
4.54317 0.161602 2.48963 0.68302 0.0884093 -0.725029
3.764 0.971464 3.06171 0.230876 0.18487 -0.955259
4.14668 1.16751 2.63771 0.278481 -0.843145 -0.45995
3.60568 0.636736 3.26078 -0.224037 -0.105662 -0.968836
4.72693 0.549485 2.52814 0.735351 -0.0383551 -0.6766
4.17355 0.328626 2.62676 0.465906 0.0544851 -0.883155
3.7639 0.221664 3.21213 0.0644331 0.491848 -0.868294
4.35274 0.69888 2.74068 0.374239 -0.148965 -0.915289
4.50392 0.284973 2.93515 0.238381 0.459314 -0.85569
3.93886 0.686676 2.58661 0.62653 -0.119909 -0.770118
4.03522 0.573415 3.02792 0.238096 -0.0096404 -0.971194
4.0814 0.269403 3.45298 -0.163997 0.562239 -0.81055
4.4724 0.159552 3.3596 -0.0659824 0.723532 -0.68713
3.85484 0.200307 2.82645 0.109351 0.277354 -0.954524
4.1841 0.0836433 3.06633 0.137718 0.599665 -0.788312
0.22655 2.16851 2.41838 0.790702 -0.580631 0.194055
0.269776 1.48842 3.18599 0.99269 -0.104768 0.0599261
0.486303 1.38607 2.60464 0.704583 -0.395169 0.589411
0.7936 2.07164 2.83738 -0.309567 -0.619065 0.721753
0.147757 1.74143 2.66206 0.166502 -0.733461 0.659023
2.17054 2.21021 2.54606 -0.0835843 -0.311637 0.946518
1.62955 1.26435 2.83381 0.508882 0.018777 -0.860631
2.10552 1.32081 3.17159 -0.291243 0.694625 -0.65778
2.12251 1.76111 3.45648 -0.634335 -0.303708 -0.710901
2.24059 1.58943 2.59139 0.666447 -0.568273 -0.482612
2.02153 1.26978 3.56037 -0.443581 0.25347 -0.859645
1.25397 2.15507 3.13576 -0.435275 0.503636 0.746248
3.55055 2.1339 2.40648 -0.200692 -0.72809 -0.655445
2.61914 1.39762 3.11206 -0.45161 0.012123 -0.892133
2.5868 1.7752 3.47068 -0.698538 0.356224 -0.620603
2.50349 1.35074 3.48613 -0.398511 0.560682 -0.725827
2.59285 2.13944 3.43954 -0.773886 0.33701 -0.536214
3.04699 1.67351 3.18131 -0.435959 0.00553334 -0.89995
3.34004 1.33689 2.75067 -0.326002 -0.43826 -0.837646
2.92307 1.45242 3.5434 -0.516364 0.205362 -0.831381
3.21291 2.29076 3.01515 -0.864118 0.20784 -0.458369
2.94679 1.96967 3.56301 -0.882536 0.170072 -0.438414
2.84014 2.14388 3.15514 -0.95195 0.029222 -0.304858
3.47924 2.19726 3.61472 -0.835929 -0.0146677 -0.548642
3.56172 1.81424 2.93791 -0.0358943 -0.256551 -0.965864
3.73252 1.41623 3.12557 -0.0332611 0.0799687 -0.996242
3.85264 1.74456 2.61058 -0.260023 -0.417589 -0.870636
4.43518 1.90966 3.15767 -0.213646 -0.374599 -0.902237
3.87697 1.78964 3.5572 0.245429 -0.0280297 -0.969009
0.750568 2.40145 2.43086 -0.153567 -0.00294402 0.988134
0.547645 3.36435 2.42512 0.223798 0.409033 0.884651
0.876764 2.73137 2.58937 -0.104715 0.344833 0.932805
0.60044 3.29732 3.23374 -0.271681 0.925213 0.264895
0.382412 3.01626 3.06162 -0.122309 0.952985 0.277236
0.811974 2.89804 3.04489 -0.0940978 0.828382 0.552204
0.371807 3.16617 3.57583 -0.400536 0.882504 0.246492
0.831365 3.14986 2.61921 -0.242916 0.671136 0.700406
0.233096 2.72663 2.80549 -0.338627 0.866403 0.366984
0.826752 3.46952 2.90425 -0.164825 0.870772 0.463236
1.08928 3.34151 3.22813 0.504786 0.820431 0.268485
1.16702 3.04885 2.85657 0.0839634 0.704687 0.704532
0.952282 3.55857 2.51526 0.0374598 0.821351 0.569191
0.792287 2.86073 3.58595 -0.308106 0.923924 -0.226793
1.81227 2.97416 2.37914 -0.575667 0.210025 0.790251
1.78152 2.42822 2.81226 -0.782687 -0.184814 -0.594344
1.1931 3.18591 3.59107 0.279974 0.944474 0.171998
1.28953 3.40461 2.68353 -0.456978 0.686495 0.565592
1.71633 3.4293 2.51727 -0.60658 0.37385 0.701639
1.6913 3.35316 3.11411 -0.475705 0.766457 0.431565
2.19762 2.70774 2.87236 -0.863149 0.182654 0.470757
1.21659 2.63055 2.88879 0.15528 0.806365 0.570669
1.49354 3.04733 2.66165 -0.452929 0.618538 0.64208
2.08228 3.19126 2.786 -0.723538 0.362909 0.587188
2.14389 3.14581 3.10201 -0.81272 0.484387 0.323814
2.26946 2.93185 3.42652 -0.711657 0.64412 -0.280453
1.78291 2.96086 3.01093 -0.578044 0.663329 0.475247
2.33007 3.54303 3.25163 -0.8897 0.336217 -0.308855
2.12211 3.30549 3.56366 -0.670876 0.741455 0.0130208
1.40102 2.8431 3.36209 0.107162 0.865431 -0.489435
2.39486 2.51263 3.27487 -0.991813 0.0971497 -0.0828794
3.33145 2.43918 3.34386 -0.831642 -0.0489553 -0.55315
2.88728 2.43944 3.42357 -0.972241 0.124087 -0.198368
3.01192 2.68914 2.41494 -0.955089 -0.00684049 0.29624
2.45212 3.25481 2.64943 -0.979962 0.0330616 0.196422
3.304 3.11134 2.83939 -0.890653 -0.0100208 0.454573
2.52871 2.89308 2.92181 -0.952486 0.0669858 0.297126
2.59767 2.65417 2.53477 -0.741973 -0.236384 0.627375
2.8824 2.91002 2.73798 -0.889719 0.225829 0.396739
3.13496 2.79761 3.14636 -0.998689 0.0331984 0.0389512
2.91567 3.21117 3.04344 -0.922793 -0.0871259 0.375316
3.30405 3.41451 2.57301 -0.999265 -0.0273507 0.0268408
2.86069 3.41056 2.65965 -0.976596 0.0226164 0.213889
3.39796 2.74359 2.69211 -0.84088 -0.538542 0.0537834
3.43138 3.11109 3.29679 -0.810174 0.379391 0.446856
3.01802 3.17352 3.42034 -0.801819 0.59221 0.0798391
2.69008 2.83799 3.3006 -0.889384 0.456667 -0.0212348
2.5637 3.2555 3.05345 -0.788329 0.455115 0.414014
2.63561 3.18359 3.46831 -0.941633 0.327738 -0.0769137
2.76745 3.53153 3.30806 -0.663614 0.735185 0.138275
3.19043 2.80576 3.57836 -0.913753 0.365654 -0.177067
2.81034 2.56171 3.03326 -0.787734 0.616016 -0.000724342
3.41148 3.46515 2.95632 -0.908488 -0.375703 -0.183021
3.57249 3.06446 2.43307 -0.81381 -0.57622 -0.0753866
3.18914 3.6019 3.33174 -0.776097 0.581713 -0.243483
3.40388 3.38272 3.62691 -0.826999 0.46161 0.320919
4.12538 2.68786 3.37132 -0.363468 0.924248 0.116863
4.51447 2.76812 2.78259 0.476712 0.878424 0.0334255
3.67648 2.77574 3.37241 -0.634617 0.744747 -0.206429
4.14894 3.47875 3.48399 -0.461068 0.883382 0.0839765
4.70725 3.18748 2.77031 0.28566 0.957713 0.0344005
4.69442 2.93834 3.47915 -0.526224 0.613041 0.589296
4.46683 3.34824 3.19367 -0.990466 0.113132 -0.0785967
3.96419 2.81 2.96205 -0.782448 0.541525 0.30745
3.98936 3.2743 2.74348 -0.661202 0.645894 0.381618
3.80505 3.28339 3.37393 -0.616638 0.639335 0.459357
4.20064 3.08515 3.55099 -0.233969 0.837865 0.493193
4.77569 3.35673 3.56579 -0.609879 0.699733 0.372049
0.588952 0.0219698 2.65119 0.662904 0.700175 -0.265166
0.650391 3.66633 3.52946 -0.156974 0.980529 0.117991
0.936245 3.80055 3.22842 0.0266205 0.996656 -0.0772501
0.869037 3.9283 2.65709 -0.068685 0.788663 0.610978
0.646023 4.12616 3.00296 -0.572707 0.803772 0.16111
0.450785 3.66681 3.13748 -0.433828 0.841046 0.323163
0.853058 4.43853 3.37291 0.105005 0.91248 -0.395416
0.78294 4.6523 2.97813 0.39854 0.888374 -0.22794
0.146536 4.04459 2.9701 0.234761 0.971398 0.0356694
0.710687 4.4519 2.54395 0.512236 0.856843 -0.0585908
0.22102 4.42273 2.70134 0.645622 0.73906 -0.192258
0.475353 3.79515 2.72277 0.300178 0.906025 0.29835
1.05341 4.32201 2.98643 0.413922 0.909551 -0.0372294
0.467409 4.59901 3.28537 0.471846 0.811395 -0.344963
0.293257 4.20289 3.27803 0.26055 0.965203 -0.0222882
1.16651 4.69537 3.21379 0.246996 0.752313 -0.610752
1.07634 4.67539 2.71052 0.214707 0.875365 -0.43317
0.0223968 4.7013 3.19789 0.342249 0.825085 -0.449556
0.0129063 3.69563 3.16721 -0.375771 0.925399 0.0493176
0.0268501 4.34838 2.69467 0.0384117 0.930162 -0.365136
0.853732 4.7701 3.59647 0.101581 0.992489 -0.0681675
1.19637 3.88126 2.88351 -0.0817332 0.937848 0.337284
1.21024 3.91771 2.46745 0.107023 0.790577 0.602938
1.37948 4.53281 2.85043 0.331014 0.872112 -0.360347
1.46984 3.68025 3.59291 0.118768 0.982491 -0.143543
1.76612 4.64836 2.62522 0.175386 0.606194 -0.775737
1.76303 3.84178 2.49034 -0.861035 0.3089 0.40398
1.63231 4.13118 2.98608 -0.486161 0.835144 -0.25726
1.95005 3.77065 3.25335 -0.560497 0.803503 -0.200566
1.68827 4.56619 3.15778 0.0990355 0.762486 -0.63938
1.63841 3.65829 2.87559 -0.633239 0.748785 0.195777
2.01023 4.26977 3.19055 -0.232776 0.762068 -0.604209
1.38159 3.79813 3.23224 -0.123673 0.981406 0.146792
1.26614 4.2225 3.38019 -0.137509 0.923631 -0.357765
2.15121 3.62377 2.68582 -0.93549 -0.0650764 0.347308
1.47062 4.57521 3.46918 -0.0223277 0.895092 -0.445322
1.99806 4.59815 3.44876 -0.122952 0.663841 -0.737697
1.66724 4.09165 3.46435 -0.385288 0.852498 -0.353271
2.09286 4.12196 3.57062 -0.405607 0.736114 -0.541866
2.42407 4.77657 3.45899 0.0933087 0.0812003 -0.992321
2.44168 4.60933 2.61834 -0.488602 -0.300301 -0.819199
3.16313 4.7458 2.45913 -0.184821 -0.517786 -0.835307
2.64679 4.23962 2.41115 -0.621088 -0.656962 -0.427377
2.53997 3.71296 2.53928 -0.928262 -0.342305 0.145454
3.58048 3.72639 2.4203 -0.958546 0.172691 -0.226644
3.01187 3.75584 2.94495 -0.721444 0.168347 -0.671698
3.54605 4.23749 2.5886 -0.65219 0.0479507 -0.756537
2.92209 4.49852 2.74223 -0.423991 -0.0578573 -0.903817
3.13707 4.16979 2.46909 -0.737747 -0.260867 -0.622638
2.84703 3.97863 2.65808 -0.86161 -0.299357 -0.409895
2.58756 4.3203 2.92808 -0.606227 -0.395475 -0.689992
2.49289 3.91443 3.2379 -0.710006 0.599202 -0.369931
3.23239 4.12192 2.91729 -0.89643 0.181301 -0.404406
3.48477 3.83693 2.80662 -0.911504 0.265178 -0.314391
3.13885 4.46973 3.19394 -0.636455 0.396325 -0.661703
2.7723 4.733 3.10367 -0.471288 0.142841 -0.870335
3.34215 4.61006 2.80018 -0.379891 -0.239913 -0.893378
2.77987 4.45014 3.44224 -0.695199 0.16972 -0.698494
3.06562 4.00913 3.35361 -0.485805 0.804516 0.341684
4.27704 3.61987 2.91413 -0.925347 0.356147 -0.129968
4.64606 4.10556 3.42988 -0.217352 0.930816 -0.293835
3.61619 4.26032 3.41966 0.240801 0.817595 0.523023
4.04739 3.7793 2.57233 -0.819982 0.567588 0.0739737
3.82708 3.60634 2.95152 -0.982284 -0.0649456 0.175787
3.84924 4.08176 3.11755 -0.482743 0.76161 -0.43233
3.63859 4.75871 2.52066 -0.101825 -0.147 -0.983881
4.14952 4.64564 2.71971 0.242275 0.53204 -0.811318
3.61606 3.72552 3.30343 -0.869842 0.466845 -0.159471
4.0248 4.23857 2.82033 -0.367673 0.794406 -0.483462
3.84728 4.62725 3.08138 0.0329153 0.55176 -0.833353
4.54646 4.49397 3.48584 -0.061449 0.910036 -0.409949
4.54131 4.65527 2.86869 0.0251248 0.610808 -0.79138
4.41265 4.07641 3.0263 -0.332551 0.846894 -0.414946
4.19507 4.19553 3.44699 -0.23229 0.877157 -0.420281
4.29119 4.47184 3.11839 -0.14475 0.659649 -0.737503
4.132 4.63808 3.45697 -0.147636 0.794741 -0.588719
4.3122 3.81366 3.36775 -0.541215 0.819915 -0.186615
1.18869 0.502687 4.79682 0.75189 -0.020289 -0.658977
0.531127 0.989127 3.62041 -0.284949 -0.0654159 -0.956308
0.99121 0.137855 4.75594 0.885154 0.453016 -0.106204
1.03606 0.916225 3.60145 -0.270225 0.812467 -0.516601
0.878576 0.411177 3.68276 0.275033 0.747603 -0.604521
0.722349 0.535449 4.74417 0.899903 0.199044 -0.388015
1.08023 0.392674 4.07188 0.643333 0.197542 -0.739662
0.719048 0.15179 4.40822 0.897424 0.402222 -0.181241
0.705357 0.117213 3.9815 0.399758 0.807095 -0.4345
0.943386 0.589549 4.39735 0.739036 0.0284922 -0.673063
0.403439 0.128353 4.65155 0.652579 0.640799 -0.404372
1.20829 0.164365 4.37395 0.840909 0.520182 -0.149274
1.89435 1.08756 0.0264955 0.492856 -0.638526 -0.591082
2.31014 0.674342 4.79603 0.231683 -0.563153 -0.79321
1.53521 0.317842 4.22759 0.466306 0.348192 -0.813217
1.40361 0.996345 4.34368 0.766516 0.444158 -0.463872
1.36714 0.56986 4.43662 0.695604 0.434495 -0.572145
1.76788 0.942919 3.70597 -0.0342741 0.104771 -0.993906
2.26116 0.286319 4.66213 0.19887 -0.0630945 -0.977993
2.34594 1.09149 3.70888 -0.272001 0.213295 -0.938361
2.17181 0.195649 3.74933 -0.0360756 0.33944 -0.939936
1.27661 0.757574 3.94387 0.357316 0.843441 -0.401165
1.67213 0.697608 4.13875 0.557036 0.281882 -0.781187
1.78786 0.715805 4.69381 0.528423 -0.192052 -0.826974
1.81703 0.483237 3.78424 0.341418 0.199216 -0.918557
1.40924 0.316632 3.84462 0.540752 0.468757 -0.698466
1.91228 0.234568 4.08518 0.357705 0.346539 -0.867155
2.03353 0.785257 4.23422 0.239709 -0.104372 -0.965218
2.27351 0.898446 4.52475 0.204418 -0.530877 -0.822425
2.27058 0.482325 4.07397 0.110065 -0.114079 -0.987356
2.10288 0.768029 3.80024 -0.268364 0.395766 -0.878265
2.00454 0.474767 4.43117 0.114157 -0.0072034 -0.993437
2.14902 0.0578279 4.34342 -0.0408999 0.221657 -0.974266
1.74392 0.0785954 3.64793 0.311097 0.697358 -0.645686
1.59483 0.145234 4.55414 0.74951 0.33411 -0.571494
2.04427 1.16489 4.01778 -0.0106951 0.172511 -0.98495
1.90946 1.15488 4.35657 0.11683 0.113114 -0.986689
2.65771 0.505543 4.79692 0.329736 -0.332335 -0.883644
2.40427 0.916929 4.08496 -0.0866977 -0.0574409 -0.994577
3.14418 0.653214 3.71173 0.265728 0.0682285 -0.961631
3.1181 1.0742 3.81264 -0.23355 0.235785 -0.943324
2.52918 0.771509 3.68092 -0.598086 -0.0643938 -0.798841
3.537 0.960262 4.07924 -0.772158 0.449015 -0.44962
2.66299 0.411548 3.91667 0.0171784 -0.621463 -0.783255
2.91089 0.445675 4.24359 0.280634 -0.582924 -0.762525
2.51218 0.518932 4.37419 -0.0562158 -0.188578 -0.980448
2.98261 0.730597 4.61811 -0.306512 -0.653359 -0.692223
3.24133 0.286236 3.89274 0.259534 -0.254047 -0.93172
2.6387 0.903576 4.41473 -0.1147 -0.302253 -0.946302
2.71217 1.12632 3.7663 -0.0631369 -0.242008 -0.968218
2.85084 0.831312 4.06254 -0.652195 -0.326102 -0.684324
2.99295 1.104 4.5066 -0.378844 -0.555245 -0.740392
3.01156 0.136891 4.48678 -0.101019 -0.334969 -0.936798
3.75613 0.973655 4.65418 -0.189176 0.130347 -0.973253
3.65053 0.531822 3.65119 0.111477 -0.0488871 -0.992564
4.48217 1.05551 4.00621 -0.733366 -0.105808 0.671549
3.74647 0.0289667 3.6291 -0.043855 0.621279 -0.782361
4.43421 0.0285363 3.86325 0.628293 0.754903 -0.188067
1.12862 1.22282 4.72566 0.599806 -0.0786968 -0.796266
0.549133 1.95349 4.14597 0.933891 0.356705 0.0246675
1.96538 1.91001 3.89019 -0.612336 -0.459144 -0.643608
2.2515 2.12774 3.63487 -0.826658 0.0812836 -0.556803
2.2847 1.55343 3.81476 -0.727403 0.112811 -0.676874
1.7648 1.48416 3.82379 -0.403383 -0.218312 -0.888607
2.10615 1.51893 0.00136423 -0.0560651 -0.83385 -0.549136
2.0969 1.9712 4.31526 -0.688639 -0.578657 -0.436958
2.27442 1.55884 4.23938 -0.599498 -0.169761 -0.782166
2.47932 2.16462 4.76722 -0.558435 -0.721714 -0.408996
2.91393 1.22859 4.22593 -0.62036 -0.430814 -0.655403
2.54008 2.23732 4.09133 -0.688317 -0.0441663 -0.724064
3.46877 1.76083 4.72564 -0.404082 -0.872976 -0.273185
2.4251 1.87849 3.89788 -0.679899 0.263269 -0.684417
2.47675 1.65179 4.65566 -0.543398 -0.474797 -0.692306
3.18294 1.39483 0.00445414 -0.699512 -0.605812 -0.379043
2.47125 1.27849 4.50581 -0.375432 -0.599614 -0.706762
3.37798 1.74758 3.68062 -0.245178 0.452242 -0.857534
3.03228 1.72249 4.56393 -0.638765 -0.50123 -0.583736
2.4703 1.38944 4.08968 -0.664336 -0.265742 -0.698598
2.79794 1.88832 4.63113 -0.612647 -0.496021 -0.615327
3.03543 1.61856 3.98233 -0.661344 -0.0252094 -0.749659
2.62241 1.61926 3.84978 -0.713369 -0.0464337 -0.699248
3.3261 1.39202 3.80425 -0.511891 0.163436 -0.84336
2.50332 1.93572 4.34582 -0.826366 -0.283915 -0.486324
2.73643 1.60929 4.30179 -0.631289 -0.25334 -0.733003
3.14094 2.17595 4.60234 -0.813471 -0.477949 -0.331406
2.78747 2.0908 3.78717 -0.899873 0.0568341 -0.432433
2.77206 1.41516 4.66279 -0.579201 -0.482751 -0.65687
2.81745 1.90896 4.15883 -0.743434 -0.166594 -0.647728
2.82096 2.2491 4.36393 -0.887042 -0.275887 -0.370194
3.15461 1.95214 4.23921 -0.851719 -0.094705 -0.51537
3.0901 1.43492 4.2565 -0.681264 -0.276442 -0.677834
3.4213 1.22116 4.40681 -0.589999 -0.0269866 -0.806953
3.44213 1.6574 4.21318 -0.91027 0.0634627 -0.409122
3.48512 2.30591 4.79758 -0.888816 -0.453607 0.0651712
2.52219 2.40474 3.78049 -0.817105 -0.18163 -0.547129
3.71445 1.9212 4.30207 -0.953025 -0.118696 -0.278666
4.64658 1.4054 3.63867 0.0814061 -0.547022 0.83315
4.54957 1.83178 0.00035429 0.817047 -0.575605 0.0333699
4.38427 2.1649 3.93928 -0.996074 -0.0315951 0.0826982
0.753517 3.30111 3.6501 -0.352934 0.885044 0.303537
0.706821 3.11013 4.04105 -0.140268 0.944084 0.298378
0.401082 2.97988 4.6255 0.409126 0.449272 0.794211
0.988103 3.42346 4.01754 0.526537 0.845844 -0.0854739
0.42793 3.32906 4.22824 0.0974003 0.895035 0.43523
0.818053 3.08555 4.54314 -0.273767 0.737217 0.617707
1.00277 2.79653 4.16233 0.384048 0.921722 0.0541795
0.796475 3.47437 4.40097 0.0402092 0.893222 0.447815
0.072171 3.16365 3.95646 -0.527536 0.583161 0.617762
0.394372 2.84201 3.94737 -0.358741 0.905282 0.22753
0.45147 3.53612 4.64549 0.300959 0.583958 0.753935
0.0944979 3.16763 4.42369 0.0447272 0.731873 0.679972
0.195954 3.59563 3.99865 0.0389565 0.943757 0.328338
0.106875 3.61012 4.4169 -0.10568 0.721127 0.684695
1.20067 3.51273 4.55712 0.189183 0.94978 0.249256
2.03581 2.37805 4.16267 -0.92569 -0.367129 0.091189
2.15223 2.53556 3.67604 -0.852044 0.0491079 -0.521162
1.62478 3.28224 3.6578 -0.0646876 0.985201 0.158728
1.86743 2.90751 4.42205 -0.843076 0.489943 -0.221761
2.39922 2.48088 4.51477 -0.906185 -0.414868 -0.0819325
2.34026 3.14212 4.09912 -0.862399 0.421809 0.279901
1.40046 3.45778 4.06096 -0.0589241 0.936541 0.345571
2.40584 2.65986 4.11337 -0.979737 -0.191237 0.0595241
2.80948 2.87302 3.63633 -0.788416 0.556637 -0.261829
2.56215 2.97973 4.7111 -0.946184 -0.273159 0.173548
2.54351 3.45842 3.80286 -0.489342 0.718277 0.494593
2.91101 2.48844 3.86575 -0.906463 0.198498 -0.372725
2.92538 2.63591 4.23023 -0.65652 0.279686 -0.700541
3.28396 2.53515 3.96088 -0.819161 -0.316188 -0.47854
2.96517 2.96973 3.97498 -0.870388 0.10945 -0.480047
2.80927 2.5175 4.66992 -0.835256 -0.511053 -0.202909
3.39206 3.17966 4.1903 -0.75862 0.452447 0.468815
3.31799 3.12246 4.64586 -0.739156 0.0616938 0.670703
2.47645 2.84508 3.80789 -0.971967 0.166827 -0.165676
3.25134 3.5203 4.5263 -0.652199 0.266035 0.709832
3.00703 3.34237 3.79604 -0.834852 0.510476 0.206003
3.51439 3.06735 3.80908 -0.937139 0.122087 0.326903
3.5144 2.73551 4.78657 -0.898485 -0.244247 0.364785
3.50742 2.60736 4.39561 -0.889307 -0.185476 0.41801
0.127443 2.88253 0.0404844 0.159431 -0.121014 0.979764
4.64713 3.30576 4.32162 -0.610834 0.778361 -0.14504
3.93229 2.50747 4.42805 -0.879476 0.0724827 0.470391
4.54671 3.17404 4.68837 -0.396722 0.518541 0.757447
3.62518 3.37188 4.35673 -0.608026 0.581154 0.540892
4.73058 2.76805 4.00215 -0.324682 0.490688 0.808583
3.95465 3.35992 4.12111 -0.683574 0.728793 0.0398355
3.70847 3.08774 4.56643 -0.800433 0.312506 0.511514
4.4201 2.7382 3.70837 -0.251571 0.540257 0.803016
3.75584 2.94914 4.18685 -0.823671 0.249294 0.509331
4.53932 2.56066 4.29213 -0.0830911 0.641237 0.762831
4.44641 2.98584 4.3196 -0.0701245 0.67299 0.73632
4.64653 3.53687 3.77263 -0.526661 0.646603 0.551846
4.48716 3.09723 3.91644 -0.493511 0.433004 0.754291
4.08422 2.93754 4.48824 -0.562089 0.271866 0.781118
4.24943 2.68697 4.09418 -0.195986 0.649709 0.734485
3.80522 2.77894 3.77961 -0.845129 0.436035 0.309241
4.06953 3.06646 3.94761 -0.66172 0.611724 0.433498
4.15871 3.34823 4.53487 -0.388086 0.58975 0.708226
4.07761 3.37848 3.80594 -0.429112 0.743132 0.513436
3.69547 3.48248 3.79471 -0.726855 0.559682 0.398043
4.14717 3.57811 4.23632 -0.763269 0.536729 0.359641
4.50774 3.5703 4.63057 -0.244049 0.477134 0.844265
0.504173 4.27462 3.5974 0.180917 0.955664 -0.232327
0.0574005 4.62632 4.78661 0.249841 0.933611 0.256806
0.35307 3.87551 3.60126 -0.23985 0.970779 0.00778794
1.15555 4.46331 3.71733 0.501682 0.779146 -0.375828
0.263514 3.96348 4.32653 0.206967 0.840331 0.501007
0.758408 4.38188 4.70684 0.560639 0.789945 0.248335
0.56651 4.63799 3.77807 0.366273 0.746577 -0.555397
0.667851 3.83966 4.01124 0.585828 0.773619 -0.241495
0.960588 4.61484 4.02112 0.637324 0.722988 -0.266659
0.189282 4.43183 3.78808 0.388137 0.877572 -0.281454
1.07414 3.77307 3.73256 0.0800869 0.996634 0.0174856
0.793557 3.81327 4.68439 0.206767 0.878033 0.431632
0.42631 4.52531 4.58658 0.465964 0.884015 0.0373465
0.770645 4.18109 4.22712 0.309265 0.94507 0.105816
0.547553 4.0765 4.5302 0.35325 0.932931 0.069672
0.35588 4.0917 3.97707 0.383354 0.923228 0.0262753
0.464061 4.43698 4.19929 0.416021 0.845537 0.334654
1.01427 3.77363 4.26325 -0.13309 0.975502 0.175163
0.862427 4.1693 3.68532 0.241978 0.835936 -0.492604
1.08682 4.16772 4.54379 0.70025 0.700368 0.138326
1.08899 4.17616 4.00383 0.426097 0.847413 -0.316754
0.959463 4.60292 4.42136 0.579989 0.329197 -0.745146
0.0684934 4.71769 4.11317 -0.0142138 0.92346 -0.38343
4.78789 4.37495 4.48677 0.525278 0.776214 0.348676
0.0556637 4.73582 3.62698 0.0592006 0.996911 0.051618
4.75132 3.79948 3.6913 -0.0433375 0.998899 -0.0179902
1.32271 4.49004 4.20172 0.0929234 0.98634 -0.136013
1.41509 3.93928 4.20983 0.0598098 0.972998 -0.222931
1.48688 4.72092 3.93947 0.316833 0.858639 -0.402934
1.47986 4.26208 3.93748 0.414189 0.872883 -0.257922
1.73617 3.87989 3.86815 -0.301562 0.923144 -0.238465
1.38088 4.58372 4.63525 0.851312 0.343193 -0.396845
1.74426 4.42961 3.70721 0.00340071 0.643077 -0.765794
2.04163 4.28766 4.03481 0.198818 0.549849 -0.811257
1.77324 4.52364 4.29752 0.283386 0.658481 -0.697205
2.11139 3.7315 3.67237 -0.446905 0.715095 -0.537509
1.97909 4.69813 3.94897 0.459115 0.408832 -0.788714
2.32059 4.45639 3.73064 0.13257 0.536329 -0.833533
2.35777 3.8601 4.0732 -0.033138 0.971798 -0.233474
2.92778 3.75897 3.66445 -0.689262 0.421339 -0.589399
3.42642 3.9362 3.63487 -0.0902073 0.976738 -0.194539
2.39218 4.76735 4.02316 0.70244 0.250488 -0.666209
2.58363 3.64231 4.7013 -0.636523 0.558183 0.532231
2.81711 4.7942 3.84706 0.0174119 0.187106 -0.982185
3.22523 4.52805 3.69747 -0.75178 0.235224 -0.616032
2.62969 4.7152 4.37513 0.218305 -0.179919 -0.959152
2.55222 3.95047 3.63692 -0.6661 0.686543 -0.291496
2.98196 4.1525 3.85653 -0.86567 0.154681 -0.476119
3.25394 3.5939 4.0426 -0.991835 0.0815472 0.0980464
3.549 4.19739 3.91479 -0.641542 0.668365 -0.376447
3.92191 3.81018 3.60405 -0.389902 0.917782 -0.0751759
3.63687 3.83724 4.06944 -0.680557 0.724331 -0.110393
4.57623 3.95241 4.70161 -0.224084 0.595914 0.771151
4.19203 4.30981 3.95362 -0.699305 0.556155 -0.44907
3.67911 3.86544 0.0273886 -0.506655 0.283148 0.814326
3.81267 4.34983 4.20005 -0.719615 0.668681 -0.187136
4.36453 3.8773 3.78282 -0.287309 0.952977 0.0963771
4.61951 4.26028 3.8803 -0.225614 0.898241 -0.377176
3.89323 4.40903 3.70135 -0.371199 0.71425 -0.593345
3.97058 3.90713 4.03448 -0.712021 0.698835 -0.068238
4.15368 3.98004 4.4596 -0.730654 0.466648 0.498382
3.90303 3.67772 4.32588 -0.726085 0.513587 0.457197
4.58296 3.87419 4.20654 -0.28634 0.83021 0.47829
