5.95477 0 5.95477 16
6.84712 -0.0112633 6.88252 16.0098
7.74864 -0.0200492 7.80026 16.0126
8.66833 -0.0252189 8.69983 16.0123
9.59191 -0.0257539 9.59613 16.0111
10.5113 -0.0222195 10.4978 16.0085
11.4275 -0.0156315 11.4044 16.0043
12.3432 -0.00669065 12.3136 15.9984
13.2595 0.00418865 13.2246 15.9914
14.1759 0.0166182 14.1384 15.9832
15.0936 0.030308 15.054 15.9739
16.015 0.0452331 15.9692 15.9639
16.9404 0.0615223 16.884 15.9535
17.8695 0.0793398 17.7986 15.9434
18.7993 0.098604 18.7164 15.9336
19.7275 0.118914 19.6396 15.9236
20.6559 0.139942 20.5667 15.9132
21.5869 0.161651 21.4954 15.9023
22.5217 0.184229 22.4245 15.8912
23.4597 0.207849 23.355 15.8802
24.3992 0.232533 24.2885 15.8692
25.3399 0.258225 25.2256 15.8583
26.2821 0.284875 26.166 15.8473
27.2265 0.312484 27.1094 15.8361
28.1751 0.341164 28.054 15.8247
29.1307 0.371349 28.9972 15.8139
30.0969 0.403934 29.9355 15.8042
31.075 0.440099 30.8677 15.7967
32.0993 0.484844 31.7594 15.7951
33.259 0.556915 32.5206 15.8072
34.339 0.647953 33.3659 15.8383
35.3982 0.753712 34.2364 15.8825
36.4317 0.869804 35.1378 15.9378
37.4535 0.994775 36.0563 16.0016
38.4625 1.12654 36.9936 16.0725
39.4643 1.26423 37.9448 16.1486
40.472 1.40941 38.897 16.2285
41.4861 1.56288 39.8503 16.3123
42.5065 1.72546 40.8048 16.4003
43.5376 1.89897 41.7566 16.4939
44.6167 2.09433 42.6673 16.5924
45.7097 2.31094 43.5706 16.7019
46.7999 2.5471 44.4835 16.8245
47.8743 2.79907 45.4199 16.9609
48.9558 3.07225 46.3578 17.1068
50.0676 3.37706 47.2733 17.2596
51.2156 3.72354 48.1593 17.4208
52.3793 4.11348 49.0357 17.5969
53.5462 4.54846 49.9151 17.7905
54.7379 5.04569 50.7745 17.9968
55.9285 5.60655 51.6404 18.2219
57.098 6.23205 52.5357 18.4707
58.0441 6.79248 53.7018 18.7912
58.2176 6.89094 55.817 19.1953
58.3922 6.97491 58.0188 19.3033
58.5624 7.0442 60.2678 19.092
58.7222 7.09971 62.5187 18.5486
58.8652 7.14353 64.7213 17.675
58.9852 7.17943 66.8307 16.4971
59.0755 7.21355 68.8327 15.0749
59.1322 7.25319 70.7566 13.4897
59.1526 7.30685 72.7018 11.826
59.1376 7.38143 74.5737 10.0591
59.1018 7.41292 74.8367 8.08337
58.9275 6.2848 74.8285 7.44124
58.8911 4.65806 74.819 7.30476
59.1291 3.05307 74.8221 7.18056
59.6194 1.5053 74.8066 7.05256
60.3542 0.0297784 74.8149 6.9249
61.3337 -1.34584 74.7981 6.79554
62.5751 -2.58815 74.8082 6.66791
64.0962 -3.63924 74.7918 6.53262
66.3131 -4.22973 74.8044 6.41018
68.4548 -4.94195 74.7868 6.28164
70.6777 -5.57835 74.7996 6.15643
73.0271 -5.98216 74.7875 6.04344
75.1191 -6.1384 75.1445 5.0145
77.1567 -6.21349 75.5762 5.97133
79.5382 -6.16352 75.5686 6.07604
81.8593 -6.02419 75.5873 6.19326
84.2699 -6.09134 75.5755 6.30995
86.0094 -5.43468 75.5938 6.43294
87.5248 -4.55181 75.5833 6.55429
88.8333 -3.50157 75.6007 6.67361
89.9496 -2.32602 75.5887 6.79531
90.8837 -1.05169 75.6049 6.91509
91.6424 0.297793 75.5927 7.03642
92.2297 1.70747 75.6063 7.15592
92.6419 3.16328 75.5961 7.27564
92.871 4.65709 75.6041 7.39179
92.9044 6.15991 75.6006 7.52206
92.8287 7.18322 75.6223 8.13589
92.8094 7.15683 75.9332 9.93681
92.8091 7.07868 78.3857 11.4592
92.8407 7.01441 80.696 12.9581
92.9097 6.97092 82.8387 14.4328
93.013 6.93742 84.9887 15.7917
93.1466 6.905 87.222 16.9353
93.304 6.86619 89.5443 17.7862
93.4766 6.81619 91.9197 18.3021
93.6577 6.75245 94.2942 18.4739
93.8407 6.67408 96.6156 18.3099
94.5837 6.32144 98.2403 18.0273
95.7092 5.80804 99.3874 17.7844
96.9527 5.296 100.381 17.5759
98.2035 4.8331 101.349 17.3848
99.4423 4.4192 102.313 17.2077
100.669 4.04751 103.275 17.0446
101.878 3.71443 104.242 16.8944
103.076 3.41362 105.206 16.7582
104.258 3.14293 106.175 16.6347
105.429 2.89822 107.144 16.524
106.588 2.67708 108.112 16.4256
107.73 2.47795 109.087 16.3385
108.856 2.29783 110.068 16.2618
109.969 2.13366 111.048 16.1954
111.072 1.98391 112.03 16.1388
112.162 1.847 113.012 16.0902
113.242 1.72142 113.993 16.0489
114.312 1.606 114.974 16.0144
115.373 1.49983 115.953 15.9863
116.419 1.40205 116.936 15.964
117.453 1.31117 117.921 15.9468
118.478 1.22599 118.905 15.9339
119.497 1.14577 119.885 15.9251
120.513 1.07025 120.858 15.9204
121.526 0.999586 121.824 15.9199
122.535 0.934154 122.784 15.9232
123.535 0.873989 123.743 15.93
124.525 0.818638 124.703 15.9401
125.5 0.767287 125.669 15.9525
126.386 0.718187 126.715 15.9618
127.222 0.662505 127.801 15.9575
128.035 0.595796 128.902 15.9345
128.94 0.511821 129.902 15.9017
129.906 0.421918 130.833 15.8692
130.918 0.335097 131.711 15.8432
131.957 0.25878 132.555 15.8272
133.003 0.197507 133.387 15.8226
134.035 0.152196 134.228 15.8291
135.038 0.120186 135.091 15.8444
136.008 0.0972586 135.981 15.8654
136.948 0.0793166 136.895 15.8889
137.869 0.0634321 137.823 15.9119
138.781 0.0481126 138.756 15.9323
139.693 0.0332429 139.682 15.9495
140.61 0.0197325 140.6 15.9639
141.53 0.00870837 141.511 15.9763
142.451 0.00104291 142.417 15.9866
143.369 -0.00270013 143.324 15.9949
144.276 -0.00273431 144.24 16.0001
145.169 0 145.169 16
